nnf 289 654 30
L 6
L 12
L -5
L -15
L -17
L -23
L -25
L -11
A 2 6 7
A 2 5 8
A 2 4 9
A 2 3 10
A 2 2 11
A 2 1 12
L 7
L 13
L -8
L -18
L -26
L -14
A 2 18 19
A 2 17 20
A 2 16 21
A 2 15 22
L 9
L -10
L -22
L -30
A 2 26 27
A 2 25 28
L 1
L 21
L 16
L -2
L -24
L -27
L -28
L -29
A 2 36 37
A 2 35 38
A 2 34 39
A 2 33 40
A 2 32 41
A 2 31 42
L 4
L 20
L -3
L -19
A 2 46 47
A 2 45 48
A 2 44 49
L -4
L -20
L 3
L 19
A 2 53 54
A 2 52 55
A 2 51 56
O 4 2 50 57
A 2 43 58
A 2 30 59
L -1
L -16
L -21
L 2
L 29
L 24
A 2 65 66
A 2 64 67
A 2 63 68
A 2 52 69
A 2 47 70
A 2 62 71
L 28
A 2 35 73
A 2 46 74
A 2 44 75
L 27
A 2 53 77
A 2 36 78
A 2 51 79
O 4 2 76 80
A 2 72 81
A 2 61 82
O 1 2 60 83
A 2 29 84
A 2 24 85
L -9
L 10
A 2 63 37
A 2 88 89
L 22
A 2 36 27
A 2 35 92
A 2 34 93
A 2 33 94
A 2 32 95
A 2 91 96
A 2 97 58
A 2 30 98
L 30
A 2 100 66
A 2 64 101
A 2 26 102
A 2 52 103
A 2 47 104
A 2 62 105
A 2 106 81
A 2 61 107
O 1 2 99 108
A 2 90 109
A 2 87 110
O 9 2 86 111
A 2 23 112
A 2 14 113
L -7
L -13
L 8
L 14
A 2 117 118
A 2 116 119
A 2 34 120
A 2 62 121
A 2 26 27
A 2 25 123
L 18
A 2 36 37
A 2 35 126
A 2 18 127
A 2 33 128
A 2 125 129
A 2 31 130
A 2 131 58
A 2 30 132
L 26
A 2 65 134
A 2 64 135
A 2 63 136
A 2 52 137
A 2 47 138
A 2 17 139
A 2 140 81
A 2 61 141
O 1 2 133 142
A 2 124 143
A 2 24 144
A 2 63 37
A 2 88 146
A 2 36 27
A 2 35 148
A 2 18 149
A 2 33 150
A 2 125 151
A 2 91 152
A 2 153 58
A 2 30 154
A 2 100 134
A 2 64 156
A 2 26 157
A 2 52 158
A 2 47 159
A 2 17 160
A 2 161 81
A 2 61 162
O 1 2 155 163
A 2 147 164
A 2 87 165
O 9 2 145 166
A 2 122 167
A 2 115 168
O 7 2 114 169
A 2 13 170
A 2 0 171
L -6
L -12
L 5
L 11
A 2 34 18
A 2 17 177
A 2 62 178
A 2 176 179
A 2 175 180
A 2 174 181
A 2 6 19
A 2 4 183
A 2 16 184
A 2 15 185
A 2 26 27
A 2 25 187
L 15
A 2 36 37
A 2 35 190
A 2 5 191
A 2 33 192
A 2 189 193
A 2 31 194
A 2 195 58
A 2 30 196
L 23
A 2 65 198
A 2 64 199
A 2 63 200
A 2 52 201
A 2 47 202
A 2 3 203
A 2 204 81
A 2 61 205
O 1 2 197 206
A 2 188 207
A 2 24 208
A 2 63 37
A 2 88 210
A 2 36 27
A 2 35 212
A 2 5 213
A 2 33 214
A 2 189 215
A 2 91 216
A 2 217 58
A 2 30 218
A 2 100 198
A 2 64 220
A 2 26 221
A 2 52 222
A 2 47 223
A 2 3 224
A 2 225 81
A 2 61 226
O 1 2 219 227
A 2 211 228
A 2 87 229
O 9 2 209 230
A 2 186 231
A 2 14 232
A 2 117 118
A 2 116 234
A 2 5 235
A 2 3 236
A 2 26 27
A 2 25 238
L 17
A 2 36 37
A 2 35 241
A 2 6 242
A 2 33 243
A 2 240 244
A 2 31 245
A 2 246 58
A 2 30 247
L 25
A 2 65 249
A 2 64 250
A 2 63 251
A 2 52 252
A 2 47 253
A 2 4 254
A 2 255 81
A 2 61 256
O 1 2 248 257
A 2 239 258
A 2 24 259
A 2 63 37
A 2 88 261
A 2 36 27
A 2 35 263
A 2 6 264
A 2 33 265
A 2 240 266
A 2 91 267
A 2 268 58
A 2 30 269
A 2 100 249
A 2 64 271
A 2 26 272
A 2 52 273
A 2 47 274
A 2 4 275
A 2 276 81
A 2 61 277
O 1 2 270 278
A 2 262 279
A 2 87 280
O 9 2 260 281
A 2 237 282
A 2 115 283
O 7 2 233 284
A 2 182 285
A 2 173 286
O 6 2 172 287
