nnf 289 546 20
L 5
L -6
L -7
A 2 1 2
L 8
L -9
L -10
A 2 5 6
L 11
L -12
L 1
L -15
L -2
L -17
A 2 12 13
A 2 11 14
L 4
L -3
L 13
A 2 17 18
A 2 16 19
L -4
L -13
L 3
A 2 22 23
A 2 21 24
O 4 2 20 25
A 2 15 26
A 2 10 27
L 14
L -14
O 14 2 29 30
L 16
L -16
O 16 2 32 33
A 2 31 34
A 2 28 35
L -1
L 17
L 2
L -16
A 2 39 40
A 2 38 41
L -14
A 2 21 43
A 2 23 44
L 14
A 2 16 46
A 2 17 47
O 3 2 45 48
A 2 42 49
A 2 37 50
L 13
L -13
O 13 2 52 53
L 15
L -15
O 15 2 55 56
A 2 54 57
A 2 51 58
O 1 2 36 59
A 2 9 60
A 2 8 61
L -11
L 12
L 15
A 2 12 13
A 2 65 66
A 2 67 26
A 2 10 68
O 14 2 29 30
O 16 2 32 33
A 2 70 71
A 2 69 72
L 16
A 2 39 74
A 2 38 75
A 2 76 49
A 2 37 77
O 13 2 52 53
O 15 2 55 56
A 2 79 80
A 2 78 81
O 1 2 73 82
A 2 64 83
A 2 63 84
O 11 2 62 85
A 2 7 86
A 2 4 87
L 19
L -19
O 19 2 89 90
A 2 88 91
L -8
L 10
L 9
A 2 94 95
L -19
A 2 12 97
A 2 11 98
A 2 17 18
A 2 16 100
A 2 22 23
A 2 21 102
O 4 2 101 103
A 2 99 104
A 2 10 105
O 14 2 29 30
O 16 2 32 33
A 2 107 108
A 2 106 109
L 19
A 2 39 40
A 2 111 112
A 2 21 43
A 2 23 114
A 2 16 46
A 2 17 116
O 3 2 115 117
A 2 113 118
A 2 37 119
O 13 2 52 53
O 15 2 55 56
A 2 121 122
A 2 120 123
O 1 2 110 124
A 2 9 125
A 2 8 126
A 2 12 97
A 2 65 128
A 2 129 104
A 2 10 130
O 14 2 29 30
O 16 2 32 33
A 2 132 133
A 2 131 134
A 2 39 74
A 2 111 136
A 2 137 118
A 2 37 138
O 13 2 52 53
O 15 2 55 56
A 2 140 141
A 2 139 142
O 1 2 135 143
A 2 64 144
A 2 63 145
O 11 2 127 146
A 2 96 147
A 2 93 148
L 17
L -17
O 17 2 150 151
A 2 149 152
O 8 2 92 153
A 2 3 154
A 2 0 155
L 18
L -18
O 18 2 157 158
L 20
L -20
O 20 2 160 161
A 2 159 162
A 2 156 163
L -5
L 7
L 6
A 2 166 167
A 2 5 6
L -18
A 2 12 170
A 2 11 171
A 2 17 18
A 2 16 173
A 2 22 23
A 2 21 175
O 4 2 174 176
A 2 172 177
A 2 10 178
O 14 2 29 30
O 16 2 32 33
A 2 180 181
A 2 179 182
L 18
A 2 39 40
A 2 184 185
A 2 21 43
A 2 23 187
A 2 16 46
A 2 17 189
O 3 2 188 190
A 2 186 191
A 2 37 192
O 13 2 52 53
O 15 2 55 56
A 2 194 195
A 2 193 196
O 1 2 183 197
A 2 9 198
A 2 8 199
A 2 12 170
A 2 65 201
A 2 202 177
A 2 10 203
O 14 2 29 30
O 16 2 32 33
A 2 205 206
A 2 204 207
A 2 39 74
A 2 184 209
A 2 210 191
A 2 37 211
O 13 2 52 53
O 15 2 55 56
A 2 213 214
A 2 212 215
O 1 2 208 216
A 2 64 217
A 2 63 218
O 11 2 200 219
A 2 169 220
A 2 4 221
O 20 2 160 161
A 2 222 223
A 2 94 95
L -20
A 2 12 226
A 2 11 227
A 2 17 18
A 2 16 229
A 2 22 23
A 2 21 231
O 4 2 230 232
A 2 228 233
A 2 10 234
O 14 2 29 30
O 16 2 32 33
A 2 236 237
A 2 235 238
L 20
A 2 39 40
A 2 240 241
A 2 21 43
A 2 23 243
A 2 16 46
A 2 17 245
O 3 2 244 246
A 2 242 247
A 2 37 248
O 13 2 52 53
O 15 2 55 56
A 2 250 251
A 2 249 252
O 1 2 239 253
A 2 9 254
A 2 8 255
A 2 12 226
A 2 65 257
A 2 258 233
A 2 10 259
O 14 2 29 30
O 16 2 32 33
A 2 261 262
A 2 260 263
A 2 39 74
A 2 240 265
A 2 266 247
A 2 37 267
O 13 2 52 53
O 15 2 55 56
A 2 269 270
A 2 268 271
O 1 2 264 272
A 2 64 273
A 2 63 274
O 11 2 256 275
A 2 225 276
A 2 93 277
O 18 2 157 158
A 2 278 279
O 8 2 224 280
A 2 168 281
A 2 165 282
O 17 2 150 151
O 19 2 89 90
A 2 284 285
A 2 283 286
O 5 2 164 287
