nnf 193 386 20
L 5
L -6
L -7
A 2 1 2
L 8
L -9
L -10
A 2 5 6
L 11
L -12
L 1
L -15
L -2
L -17
A 2 12 13
A 2 11 14
L 4
L -3
L 13
A 2 17 18
A 2 16 19
L -4
L -13
L 3
A 2 22 23
A 2 21 24
O 4 2 20 25
A 2 15 26
A 2 10 27
L -1
L 17
L 2
L -16
A 2 31 32
A 2 30 33
L -14
A 2 21 35
A 2 23 36
L 14
A 2 16 38
A 2 17 39
O 3 2 37 40
A 2 34 41
A 2 29 42
O 1 2 28 43
A 2 9 44
A 2 8 45
L -11
L 12
L 15
A 2 12 13
A 2 49 50
A 2 51 26
A 2 10 52
L 16
A 2 31 54
A 2 30 55
A 2 56 41
A 2 29 57
O 1 2 53 58
A 2 48 59
A 2 47 60
O 11 2 46 61
A 2 7 62
A 2 4 63
L -8
L 10
L 9
A 2 66 67
L -19
A 2 12 69
A 2 11 70
A 2 17 18
A 2 16 72
A 2 22 23
A 2 21 74
O 4 2 73 75
A 2 71 76
A 2 10 77
L 19
A 2 31 32
A 2 79 80
A 2 21 35
A 2 23 82
A 2 16 38
A 2 17 84
O 3 2 83 85
A 2 81 86
A 2 29 87
O 1 2 78 88
A 2 9 89
A 2 8 90
A 2 12 69
A 2 49 92
A 2 93 76
A 2 10 94
A 2 31 54
A 2 79 96
A 2 97 86
A 2 29 98
O 1 2 95 99
A 2 48 100
A 2 47 101
O 11 2 91 102
A 2 68 103
A 2 65 104
O 8 2 64 105
A 2 3 106
A 2 0 107
L -5
L 7
L 6
A 2 110 111
A 2 5 6
L -18
A 2 12 114
A 2 11 115
A 2 17 18
A 2 16 117
A 2 22 23
A 2 21 119
O 4 2 118 120
A 2 116 121
A 2 10 122
L 18
A 2 31 32
A 2 124 125
A 2 21 35
A 2 23 127
A 2 16 38
A 2 17 129
O 3 2 128 130
A 2 126 131
A 2 29 132
O 1 2 123 133
A 2 9 134
A 2 8 135
A 2 12 114
A 2 49 137
A 2 138 121
A 2 10 139
A 2 31 54
A 2 124 141
A 2 142 131
A 2 29 143
O 1 2 140 144
A 2 48 145
A 2 47 146
O 11 2 136 147
A 2 113 148
A 2 4 149
A 2 66 67
L -20
A 2 12 152
A 2 11 153
A 2 17 18
A 2 16 155
A 2 22 23
A 2 21 157
O 4 2 156 158
A 2 154 159
A 2 10 160
L 20
A 2 31 32
A 2 162 163
A 2 21 35
A 2 23 165
A 2 16 38
A 2 17 167
O 3 2 166 168
A 2 164 169
A 2 29 170
O 1 2 161 171
A 2 9 172
A 2 8 173
A 2 12 152
A 2 49 175
A 2 176 159
A 2 10 177
A 2 31 54
A 2 162 179
A 2 180 169
A 2 29 181
O 1 2 178 182
A 2 48 183
A 2 47 184
O 11 2 174 185
A 2 151 186
A 2 65 187
O 8 2 150 188
A 2 112 189
A 2 109 190
O 5 2 108 191
