nnf 752 1426 19
L 15
L 16
L 17
L 18
L 19
L 4
L 10
L 11
L 12
L 13
L 14
L 3
A 2 10 11
A 2 9 12
A 2 8 13
A 2 7 14
A 2 6 15
A 2 5 16
L -4
L -10
L -11
L -12
L -13
L -14
L -3
A 2 23 24
A 2 22 25
A 2 21 26
A 2 20 27
A 2 19 28
A 2 18 29
O 4 2 17 30
A 2 31 31
A 2 4 32
L 1
L -1
O 1 2 34 35
L 2
L -2
O 2 2 37 38
L 5
L -5
O 5 2 40 41
L 6
L -6
O 6 2 43 44
L 7
L -7
O 7 2 46 47
L 8
L -8
O 8 2 49 50
L 9
L -9
O 9 2 52 53
A 2 51 54
A 2 48 55
A 2 45 56
A 2 42 57
A 2 39 58
A 2 36 59
A 2 33 60
L -19
L -9
A 2 63 23
A 2 9 11
A 2 8 65
A 2 7 66
A 2 6 67
A 2 5 68
A 2 22 24
A 2 21 70
A 2 20 71
A 2 19 72
A 2 18 73
O 4 2 69 74
L 2
L 1
L 5
L 6
L 7
L 8
A 2 80 81
A 2 79 82
A 2 78 83
A 2 77 84
A 2 76 85
L -2
L -1
L -5
L -6
L -7
L -8
A 2 91 92
A 2 90 93
A 2 89 94
A 2 88 95
A 2 87 96
O 2 2 86 97
A 2 75 98
A 2 64 99
A 2 62 100
O 19 2 61 101
A 2 3 102
L -18
A 2 92 22
A 2 10 11
A 2 8 106
A 2 7 107
A 2 6 108
A 2 5 109
A 2 23 24
A 2 21 111
A 2 20 112
A 2 19 113
A 2 18 114
O 4 2 110 115
L 9
A 2 80 117
A 2 79 118
A 2 78 119
A 2 77 120
A 2 76 121
A 2 91 63
A 2 90 123
A 2 89 124
A 2 88 125
A 2 87 126
O 2 2 122 127
A 2 116 128
A 2 4 129
A 2 63 23
A 2 8 11
A 2 7 132
A 2 6 133
A 2 5 134
A 2 21 24
A 2 20 136
A 2 19 137
A 2 18 138
O 4 2 135 139
A 2 79 80
A 2 78 141
A 2 77 142
A 2 76 143
A 2 90 91
A 2 89 145
A 2 88 146
A 2 87 147
O 2 2 144 148
A 2 140 149
A 2 131 150
A 2 62 151
O 19 2 130 152
A 2 105 153
A 2 104 154
O 18 2 103 155
A 2 2 156
L -17
A 2 91 21
A 2 10 11
A 2 9 160
A 2 7 161
A 2 6 162
A 2 5 163
A 2 23 24
A 2 22 165
A 2 20 166
A 2 19 167
A 2 18 168
O 4 2 164 169
A 2 81 117
A 2 79 171
A 2 78 172
A 2 77 173
A 2 76 174
A 2 92 63
A 2 90 176
A 2 89 177
A 2 88 178
A 2 87 179
O 2 2 175 180
A 2 170 181
A 2 4 182
A 2 63 23
A 2 9 11
A 2 7 185
A 2 6 186
A 2 5 187
A 2 22 24
A 2 20 189
A 2 19 190
A 2 18 191
O 4 2 188 192
A 2 79 81
A 2 78 194
A 2 77 195
A 2 76 196
A 2 90 92
A 2 89 198
A 2 88 199
A 2 87 200
O 2 2 197 201
A 2 193 202
A 2 184 203
A 2 62 204
O 19 2 183 205
A 2 3 206
A 2 92 22
A 2 10 11
A 2 7 209
A 2 6 210
A 2 5 211
A 2 23 24
A 2 20 213
A 2 19 214
A 2 18 215
O 4 2 212 216
A 2 79 117
A 2 78 218
A 2 77 219
A 2 76 220
A 2 90 63
A 2 89 222
A 2 88 223
A 2 87 224
O 2 2 221 225
A 2 217 226
A 2 4 227
A 2 63 23
A 2 7 11
A 2 6 230
A 2 5 231
A 2 20 24
A 2 19 233
A 2 18 234
O 4 2 232 235
A 2 78 79
A 2 77 237
A 2 76 238
A 2 89 90
A 2 88 240
A 2 87 241
O 2 2 239 242
A 2 236 243
A 2 229 244
A 2 62 245
O 19 2 228 246
A 2 208 247
A 2 104 248
O 18 2 207 249
A 2 159 250
A 2 158 251
O 17 2 157 252
A 2 1 253
L -16
A 2 90 20
A 2 10 11
A 2 9 257
A 2 8 258
A 2 6 259
A 2 5 260
A 2 23 24
A 2 22 262
A 2 21 263
A 2 19 264
A 2 18 265
O 4 2 261 266
A 2 81 117
A 2 80 268
A 2 78 269
A 2 77 270
A 2 76 271
A 2 92 63
A 2 91 273
A 2 89 274
A 2 88 275
A 2 87 276
O 2 2 272 277
A 2 267 278
A 2 4 279
A 2 63 23
A 2 9 11
A 2 8 282
A 2 6 283
A 2 5 284
A 2 22 24
A 2 21 286
A 2 19 287
A 2 18 288
O 4 2 285 289
A 2 80 81
A 2 78 291
A 2 77 292
A 2 76 293
A 2 91 92
A 2 89 295
A 2 88 296
A 2 87 297
O 2 2 294 298
A 2 290 299
A 2 281 300
A 2 62 301
O 19 2 280 302
A 2 3 303
A 2 92 22
A 2 10 11
A 2 8 306
A 2 6 307
A 2 5 308
A 2 23 24
A 2 21 310
A 2 19 311
A 2 18 312
O 4 2 309 313
A 2 80 117
A 2 78 315
A 2 77 316
A 2 76 317
A 2 91 63
A 2 89 319
A 2 88 320
A 2 87 321
O 2 2 318 322
A 2 314 323
A 2 4 324
A 2 63 23
A 2 8 11
A 2 6 327
A 2 5 328
A 2 21 24
A 2 19 330
A 2 18 331
O 4 2 329 332
A 2 78 80
A 2 77 334
A 2 76 335
A 2 89 91
A 2 88 337
A 2 87 338
O 2 2 336 339
A 2 333 340
A 2 326 341
A 2 62 342
O 19 2 325 343
A 2 305 344
A 2 104 345
O 18 2 304 346
A 2 2 347
A 2 91 21
A 2 10 11
A 2 9 350
A 2 6 351
A 2 5 352
A 2 23 24
A 2 22 354
A 2 19 355
A 2 18 356
O 4 2 353 357
A 2 81 117
A 2 78 359
A 2 77 360
A 2 76 361
A 2 92 63
A 2 89 363
A 2 88 364
A 2 87 365
O 2 2 362 366
A 2 358 367
A 2 4 368
A 2 63 23
A 2 9 11
A 2 6 371
A 2 5 372
A 2 22 24
A 2 19 374
A 2 18 375
O 4 2 373 376
A 2 78 81
A 2 77 378
A 2 76 379
A 2 89 92
A 2 88 381
A 2 87 382
O 2 2 380 383
A 2 377 384
A 2 370 385
A 2 62 386
O 19 2 369 387
A 2 3 388
A 2 92 22
A 2 10 11
A 2 6 391
A 2 5 392
A 2 23 24
A 2 19 394
A 2 18 395
O 4 2 393 396
A 2 78 117
A 2 77 398
A 2 76 399
A 2 89 63
A 2 88 401
A 2 87 402
O 2 2 400 403
A 2 397 404
A 2 4 405
A 2 63 23
A 2 6 11
A 2 5 408
A 2 19 24
A 2 18 410
O 4 2 409 411
A 2 77 78
A 2 76 413
A 2 88 89
A 2 87 415
O 2 2 414 416
A 2 412 417
A 2 407 418
A 2 62 419
O 19 2 406 420
A 2 390 421
A 2 104 422
O 18 2 389 423
A 2 349 424
A 2 158 425
O 17 2 348 426
A 2 256 427
A 2 255 428
O 16 2 254 429
A 2 0 430
L -15
A 2 19 89
A 2 10 11
A 2 9 434
A 2 8 435
A 2 7 436
A 2 5 437
A 2 23 24
A 2 22 439
A 2 21 440
A 2 20 441
A 2 18 442
O 4 2 438 443
A 2 81 117
A 2 80 445
A 2 79 446
A 2 77 447
A 2 76 448
A 2 92 63
A 2 91 450
A 2 90 451
A 2 88 452
A 2 87 453
O 2 2 449 454
A 2 444 455
A 2 4 456
A 2 63 23
A 2 9 11
A 2 8 459
A 2 7 460
A 2 5 461
A 2 22 24
A 2 21 463
A 2 20 464
A 2 18 465
O 4 2 462 466
A 2 80 81
A 2 79 468
A 2 77 469
A 2 76 470
A 2 91 92
A 2 90 472
A 2 88 473
A 2 87 474
O 2 2 471 475
A 2 467 476
A 2 458 477
A 2 62 478
O 19 2 457 479
A 2 3 480
A 2 92 22
A 2 10 11
A 2 8 483
A 2 7 484
A 2 5 485
A 2 23 24
A 2 21 487
A 2 20 488
A 2 18 489
O 4 2 486 490
A 2 80 117
A 2 79 492
A 2 77 493
A 2 76 494
A 2 91 63
A 2 90 496
A 2 88 497
A 2 87 498
O 2 2 495 499
A 2 491 500
A 2 4 501
A 2 63 23
A 2 8 11
A 2 7 504
A 2 5 505
A 2 21 24
A 2 20 507
A 2 18 508
O 4 2 506 509
A 2 79 80
A 2 77 511
A 2 76 512
A 2 90 91
A 2 88 514
A 2 87 515
O 2 2 513 516
A 2 510 517
A 2 503 518
A 2 62 519
O 19 2 502 520
A 2 482 521
A 2 104 522
O 18 2 481 523
A 2 2 524
A 2 91 21
A 2 10 11
A 2 9 527
A 2 7 528
A 2 5 529
A 2 23 24
A 2 22 531
A 2 20 532
A 2 18 533
O 4 2 530 534
A 2 81 117
A 2 79 536
A 2 77 537
A 2 76 538
A 2 92 63
A 2 90 540
A 2 88 541
A 2 87 542
O 2 2 539 543
A 2 535 544
A 2 4 545
A 2 63 23
A 2 9 11
A 2 7 548
A 2 5 549
A 2 22 24
A 2 20 551
A 2 18 552
O 4 2 550 553
A 2 79 81
A 2 77 555
A 2 76 556
A 2 90 92
A 2 88 558
A 2 87 559
O 2 2 557 560
A 2 554 561
A 2 547 562
A 2 62 563
O 19 2 546 564
A 2 3 565
A 2 92 22
A 2 10 11
A 2 7 568
A 2 5 569
A 2 23 24
A 2 20 571
A 2 18 572
O 4 2 570 573
A 2 79 117
A 2 77 575
A 2 76 576
A 2 90 63
A 2 88 578
A 2 87 579
O 2 2 577 580
A 2 574 581
A 2 4 582
A 2 63 23
A 2 7 11
A 2 5 585
A 2 20 24
A 2 18 587
O 4 2 586 588
A 2 77 79
A 2 76 590
A 2 88 90
A 2 87 592
O 2 2 591 593
A 2 589 594
A 2 584 595
A 2 62 596
O 19 2 583 597
A 2 567 598
A 2 104 599
O 18 2 566 600
A 2 526 601
A 2 158 602
O 17 2 525 603
A 2 1 604
A 2 90 20
A 2 10 11
A 2 9 607
A 2 8 608
A 2 5 609
A 2 23 24
A 2 22 611
A 2 21 612
A 2 18 613
O 4 2 610 614
A 2 81 117
A 2 80 616
A 2 77 617
A 2 76 618
A 2 92 63
A 2 91 620
A 2 88 621
A 2 87 622
O 2 2 619 623
A 2 615 624
A 2 4 625
A 2 63 23
A 2 9 11
A 2 8 628
A 2 5 629
A 2 22 24
A 2 21 631
A 2 18 632
O 4 2 630 633
A 2 80 81
A 2 77 635
A 2 76 636
A 2 91 92
A 2 88 638
A 2 87 639
O 2 2 637 640
A 2 634 641
A 2 627 642
A 2 62 643
O 19 2 626 644
A 2 3 645
A 2 92 22
A 2 10 11
A 2 8 648
A 2 5 649
A 2 23 24
A 2 21 651
A 2 18 652
O 4 2 650 653
A 2 80 117
A 2 77 655
A 2 76 656
A 2 91 63
A 2 88 658
A 2 87 659
O 2 2 657 660
A 2 654 661
A 2 4 662
A 2 63 23
A 2 8 11
A 2 5 665
A 2 21 24
A 2 18 667
O 4 2 666 668
A 2 77 80
A 2 76 670
A 2 88 91
A 2 87 672
O 2 2 671 673
A 2 669 674
A 2 664 675
A 2 62 676
O 19 2 663 677
A 2 647 678
A 2 104 679
O 18 2 646 680
A 2 2 681
A 2 91 21
A 2 10 11
A 2 9 684
A 2 5 685
A 2 23 24
A 2 22 687
A 2 18 688
O 4 2 686 689
A 2 81 117
A 2 77 691
A 2 76 692
A 2 92 63
A 2 88 694
A 2 87 695
O 2 2 693 696
A 2 690 697
A 2 4 698
A 2 63 23
A 2 9 11
A 2 5 701
A 2 22 24
A 2 18 703
O 4 2 702 704
A 2 77 81
A 2 76 706
A 2 88 92
A 2 87 708
O 2 2 707 709
A 2 705 710
A 2 700 711
A 2 62 712
O 19 2 699 713
A 2 3 714
A 2 92 22
A 2 10 11
A 2 5 717
A 2 23 24
A 2 18 719
O 4 2 718 720
A 2 77 117
A 2 76 722
A 2 88 63
A 2 87 724
O 2 2 723 725
A 2 721 726
A 2 4 727
A 2 63 23
A 2 11 5
A 2 24 18
O 3 2 730 731
A 2 77 76
A 2 88 87
O 1 2 733 734
A 2 732 735
A 2 729 736
A 2 62 737
O 19 2 728 738
A 2 716 739
A 2 104 740
O 18 2 715 741
A 2 683 742
A 2 158 743
O 17 2 682 744
A 2 606 745
A 2 255 746
O 16 2 605 747
A 2 433 748
A 2 432 749
O 15 2 431 750
