nnf 724 1398 19
L 15
L 16
L 17
L 18
L 19
L 4
L 10
L 11
L 12
L 13
L 14
L 3
A 2 10 11
A 2 9 12
A 2 8 13
A 2 7 14
A 2 6 15
A 2 5 16
L -4
L -10
L -11
L -12
L -13
L -14
L -3
A 2 23 24
A 2 22 25
A 2 21 26
A 2 20 27
A 2 19 28
A 2 18 29
O 4 2 17 30
A 2 31 31
A 2 4 32
L -19
L -9
A 2 35 23
A 2 9 11
A 2 8 37
A 2 7 38
A 2 6 39
A 2 5 40
A 2 22 24
A 2 21 42
A 2 20 43
A 2 19 44
A 2 18 45
O 4 2 41 46
L 2
L 1
L 5
L 6
L 7
L 8
A 2 52 53
A 2 51 54
A 2 50 55
A 2 49 56
A 2 48 57
L -2
L -1
L -5
L -6
L -7
L -8
A 2 63 64
A 2 62 65
A 2 61 66
A 2 60 67
A 2 59 68
O 2 2 58 69
A 2 47 70
A 2 36 71
A 2 34 72
O 19 2 33 73
A 2 3 74
L -18
A 2 64 22
A 2 10 11
A 2 8 78
A 2 7 79
A 2 6 80
A 2 5 81
A 2 23 24
A 2 21 83
A 2 20 84
A 2 19 85
A 2 18 86
O 4 2 82 87
L 9
A 2 52 89
A 2 51 90
A 2 50 91
A 2 49 92
A 2 48 93
A 2 63 35
A 2 62 95
A 2 61 96
A 2 60 97
A 2 59 98
O 2 2 94 99
A 2 88 100
A 2 4 101
A 2 35 23
A 2 8 11
A 2 7 104
A 2 6 105
A 2 5 106
A 2 21 24
A 2 20 108
A 2 19 109
A 2 18 110
O 4 2 107 111
A 2 51 52
A 2 50 113
A 2 49 114
A 2 48 115
A 2 62 63
A 2 61 117
A 2 60 118
A 2 59 119
O 2 2 116 120
A 2 112 121
A 2 103 122
A 2 34 123
O 19 2 102 124
A 2 77 125
A 2 76 126
O 18 2 75 127
A 2 2 128
L -17
A 2 63 21
A 2 10 11
A 2 9 132
A 2 7 133
A 2 6 134
A 2 5 135
A 2 23 24
A 2 22 137
A 2 20 138
A 2 19 139
A 2 18 140
O 4 2 136 141
A 2 53 89
A 2 51 143
A 2 50 144
A 2 49 145
A 2 48 146
A 2 64 35
A 2 62 148
A 2 61 149
A 2 60 150
A 2 59 151
O 2 2 147 152
A 2 142 153
A 2 4 154
A 2 35 23
A 2 9 11
A 2 7 157
A 2 6 158
A 2 5 159
A 2 22 24
A 2 20 161
A 2 19 162
A 2 18 163
O 4 2 160 164
A 2 51 53
A 2 50 166
A 2 49 167
A 2 48 168
A 2 62 64
A 2 61 170
A 2 60 171
A 2 59 172
O 2 2 169 173
A 2 165 174
A 2 156 175
A 2 34 176
O 19 2 155 177
A 2 3 178
A 2 64 22
A 2 10 11
A 2 7 181
A 2 6 182
A 2 5 183
A 2 23 24
A 2 20 185
A 2 19 186
A 2 18 187
O 4 2 184 188
A 2 51 89
A 2 50 190
A 2 49 191
A 2 48 192
A 2 62 35
A 2 61 194
A 2 60 195
A 2 59 196
O 2 2 193 197
A 2 189 198
A 2 4 199
A 2 35 23
A 2 7 11
A 2 6 202
A 2 5 203
A 2 20 24
A 2 19 205
A 2 18 206
O 4 2 204 207
A 2 50 51
A 2 49 209
A 2 48 210
A 2 61 62
A 2 60 212
A 2 59 213
O 2 2 211 214
A 2 208 215
A 2 201 216
A 2 34 217
O 19 2 200 218
A 2 180 219
A 2 76 220
O 18 2 179 221
A 2 131 222
A 2 130 223
O 17 2 129 224
A 2 1 225
L -16
A 2 62 20
A 2 10 11
A 2 9 229
A 2 8 230
A 2 6 231
A 2 5 232
A 2 23 24
A 2 22 234
A 2 21 235
A 2 19 236
A 2 18 237
O 4 2 233 238
A 2 53 89
A 2 52 240
A 2 50 241
A 2 49 242
A 2 48 243
A 2 64 35
A 2 63 245
A 2 61 246
A 2 60 247
A 2 59 248
O 2 2 244 249
A 2 239 250
A 2 4 251
A 2 35 23
A 2 9 11
A 2 8 254
A 2 6 255
A 2 5 256
A 2 22 24
A 2 21 258
A 2 19 259
A 2 18 260
O 4 2 257 261
A 2 52 53
A 2 50 263
A 2 49 264
A 2 48 265
A 2 63 64
A 2 61 267
A 2 60 268
A 2 59 269
O 2 2 266 270
A 2 262 271
A 2 253 272
A 2 34 273
O 19 2 252 274
A 2 3 275
A 2 64 22
A 2 10 11
A 2 8 278
A 2 6 279
A 2 5 280
A 2 23 24
A 2 21 282
A 2 19 283
A 2 18 284
O 4 2 281 285
A 2 52 89
A 2 50 287
A 2 49 288
A 2 48 289
A 2 63 35
A 2 61 291
A 2 60 292
A 2 59 293
O 2 2 290 294
A 2 286 295
A 2 4 296
A 2 35 23
A 2 8 11
A 2 6 299
A 2 5 300
A 2 21 24
A 2 19 302
A 2 18 303
O 4 2 301 304
A 2 50 52
A 2 49 306
A 2 48 307
A 2 61 63
A 2 60 309
A 2 59 310
O 2 2 308 311
A 2 305 312
A 2 298 313
A 2 34 314
O 19 2 297 315
A 2 277 316
A 2 76 317
O 18 2 276 318
A 2 2 319
A 2 63 21
A 2 10 11
A 2 9 322
A 2 6 323
A 2 5 324
A 2 23 24
A 2 22 326
A 2 19 327
A 2 18 328
O 4 2 325 329
A 2 53 89
A 2 50 331
A 2 49 332
A 2 48 333
A 2 64 35
A 2 61 335
A 2 60 336
A 2 59 337
O 2 2 334 338
A 2 330 339
A 2 4 340
A 2 35 23
A 2 9 11
A 2 6 343
A 2 5 344
A 2 22 24
A 2 19 346
A 2 18 347
O 4 2 345 348
A 2 50 53
A 2 49 350
A 2 48 351
A 2 61 64
A 2 60 353
A 2 59 354
O 2 2 352 355
A 2 349 356
A 2 342 357
A 2 34 358
O 19 2 341 359
A 2 3 360
A 2 64 22
A 2 10 11
A 2 6 363
A 2 5 364
A 2 23 24
A 2 19 366
A 2 18 367
O 4 2 365 368
A 2 50 89
A 2 49 370
A 2 48 371
A 2 61 35
A 2 60 373
A 2 59 374
O 2 2 372 375
A 2 369 376
A 2 4 377
A 2 35 23
A 2 6 11
A 2 5 380
A 2 19 24
A 2 18 382
O 4 2 381 383
A 2 49 50
A 2 48 385
A 2 60 61
A 2 59 387
O 2 2 386 388
A 2 384 389
A 2 379 390
A 2 34 391
O 19 2 378 392
A 2 362 393
A 2 76 394
O 18 2 361 395
A 2 321 396
A 2 130 397
O 17 2 320 398
A 2 228 399
A 2 227 400
O 16 2 226 401
A 2 0 402
L -15
A 2 19 61
A 2 10 11
A 2 9 406
A 2 8 407
A 2 7 408
A 2 5 409
A 2 23 24
A 2 22 411
A 2 21 412
A 2 20 413
A 2 18 414
O 4 2 410 415
A 2 53 89
A 2 52 417
A 2 51 418
A 2 49 419
A 2 48 420
A 2 64 35
A 2 63 422
A 2 62 423
A 2 60 424
A 2 59 425
O 2 2 421 426
A 2 416 427
A 2 4 428
A 2 35 23
A 2 9 11
A 2 8 431
A 2 7 432
A 2 5 433
A 2 22 24
A 2 21 435
A 2 20 436
A 2 18 437
O 4 2 434 438
A 2 52 53
A 2 51 440
A 2 49 441
A 2 48 442
A 2 63 64
A 2 62 444
A 2 60 445
A 2 59 446
O 2 2 443 447
A 2 439 448
A 2 430 449
A 2 34 450
O 19 2 429 451
A 2 3 452
A 2 64 22
A 2 10 11
A 2 8 455
A 2 7 456
A 2 5 457
A 2 23 24
A 2 21 459
A 2 20 460
A 2 18 461
O 4 2 458 462
A 2 52 89
A 2 51 464
A 2 49 465
A 2 48 466
A 2 63 35
A 2 62 468
A 2 60 469
A 2 59 470
O 2 2 467 471
A 2 463 472
A 2 4 473
A 2 35 23
A 2 8 11
A 2 7 476
A 2 5 477
A 2 21 24
A 2 20 479
A 2 18 480
O 4 2 478 481
A 2 51 52
A 2 49 483
A 2 48 484
A 2 62 63
A 2 60 486
A 2 59 487
O 2 2 485 488
A 2 482 489
A 2 475 490
A 2 34 491
O 19 2 474 492
A 2 454 493
A 2 76 494
O 18 2 453 495
A 2 2 496
A 2 63 21
A 2 10 11
A 2 9 499
A 2 7 500
A 2 5 501
A 2 23 24
A 2 22 503
A 2 20 504
A 2 18 505
O 4 2 502 506
A 2 53 89
A 2 51 508
A 2 49 509
A 2 48 510
A 2 64 35
A 2 62 512
A 2 60 513
A 2 59 514
O 2 2 511 515
A 2 507 516
A 2 4 517
A 2 35 23
A 2 9 11
A 2 7 520
A 2 5 521
A 2 22 24
A 2 20 523
A 2 18 524
O 4 2 522 525
A 2 51 53
A 2 49 527
A 2 48 528
A 2 62 64
A 2 60 530
A 2 59 531
O 2 2 529 532
A 2 526 533
A 2 519 534
A 2 34 535
O 19 2 518 536
A 2 3 537
A 2 64 22
A 2 10 11
A 2 7 540
A 2 5 541
A 2 23 24
A 2 20 543
A 2 18 544
O 4 2 542 545
A 2 51 89
A 2 49 547
A 2 48 548
A 2 62 35
A 2 60 550
A 2 59 551
O 2 2 549 552
A 2 546 553
A 2 4 554
A 2 35 23
A 2 7 11
A 2 5 557
A 2 20 24
A 2 18 559
O 4 2 558 560
A 2 49 51
A 2 48 562
A 2 60 62
A 2 59 564
O 2 2 563 565
A 2 561 566
A 2 556 567
A 2 34 568
O 19 2 555 569
A 2 539 570
A 2 76 571
O 18 2 538 572
A 2 498 573
A 2 130 574
O 17 2 497 575
A 2 1 576
A 2 62 20
A 2 10 11
A 2 9 579
A 2 8 580
A 2 5 581
A 2 23 24
A 2 22 583
A 2 21 584
A 2 18 585
O 4 2 582 586
A 2 53 89
A 2 52 588
A 2 49 589
A 2 48 590
A 2 64 35
A 2 63 592
A 2 60 593
A 2 59 594
O 2 2 591 595
A 2 587 596
A 2 4 597
A 2 35 23
A 2 9 11
A 2 8 600
A 2 5 601
A 2 22 24
A 2 21 603
A 2 18 604
O 4 2 602 605
A 2 52 53
A 2 49 607
A 2 48 608
A 2 63 64
A 2 60 610
A 2 59 611
O 2 2 609 612
A 2 606 613
A 2 599 614
A 2 34 615
O 19 2 598 616
A 2 3 617
A 2 64 22
A 2 10 11
A 2 8 620
A 2 5 621
A 2 23 24
A 2 21 623
A 2 18 624
O 4 2 622 625
A 2 52 89
A 2 49 627
A 2 48 628
A 2 63 35
A 2 60 630
A 2 59 631
O 2 2 629 632
A 2 626 633
A 2 4 634
A 2 35 23
A 2 8 11
A 2 5 637
A 2 21 24
A 2 18 639
O 4 2 638 640
A 2 49 52
A 2 48 642
A 2 60 63
A 2 59 644
O 2 2 643 645
A 2 641 646
A 2 636 647
A 2 34 648
O 19 2 635 649
A 2 619 650
A 2 76 651
O 18 2 618 652
A 2 2 653
A 2 63 21
A 2 10 11
A 2 9 656
A 2 5 657
A 2 23 24
A 2 22 659
A 2 18 660
O 4 2 658 661
A 2 53 89
A 2 49 663
A 2 48 664
A 2 64 35
A 2 60 666
A 2 59 667
O 2 2 665 668
A 2 662 669
A 2 4 670
A 2 35 23
A 2 9 11
A 2 5 673
A 2 22 24
A 2 18 675
O 4 2 674 676
A 2 49 53
A 2 48 678
A 2 60 64
A 2 59 680
O 2 2 679 681
A 2 677 682
A 2 672 683
A 2 34 684
O 19 2 671 685
A 2 3 686
A 2 64 22
A 2 10 11
A 2 5 689
A 2 23 24
A 2 18 691
O 4 2 690 692
A 2 49 89
A 2 48 694
A 2 60 35
A 2 59 696
O 2 2 695 697
A 2 693 698
A 2 4 699
A 2 35 23
A 2 11 5
A 2 24 18
O 3 2 702 703
A 2 49 48
A 2 60 59
O 1 2 705 706
A 2 704 707
A 2 701 708
A 2 34 709
O 19 2 700 710
A 2 688 711
A 2 76 712
O 18 2 687 713
A 2 655 714
A 2 130 715
O 17 2 654 716
A 2 578 717
A 2 227 718
O 16 2 577 719
A 2 405 720
A 2 404 721
O 15 2 403 722
