nnf 311 766 30
L 5
L 13
L -6
L -17
L -18
L -25
L -26
L -14
A 2 6 7
A 2 5 8
A 2 4 9
A 2 3 10
A 2 2 11
A 2 1 12
L 9
L -10
L -22
L -30
A 2 16 17
A 2 15 18
L 7
L -8
L -20
L -28
A 2 22 23
A 2 21 24
L 1
L 19
L 21
L -2
L -23
L -24
L -27
L -29
A 2 32 33
A 2 31 34
A 2 30 35
A 2 29 36
A 2 28 37
A 2 27 38
L 4
L 12
L 16
L -3
L -15
L -11
A 2 44 45
A 2 43 46
A 2 42 47
A 2 41 48
A 2 40 49
L -4
L -16
L -12
L 3
L 11
L 15
A 2 55 56
A 2 54 57
A 2 53 58
A 2 52 59
A 2 51 60
O 4 2 50 61
A 2 39 62
A 2 26 63
L -1
L -19
L -21
L 2
L 27
L 29
A 2 69 70
A 2 68 71
A 2 67 72
A 2 66 73
A 2 52 74
A 2 44 75
L 24
A 2 45 77
A 2 30 78
A 2 43 79
A 2 41 80
A 2 40 81
L 23
A 2 55 83
A 2 54 84
A 2 53 85
A 2 31 86
A 2 51 87
O 4 2 82 88
A 2 76 89
A 2 65 90
O 1 2 64 91
A 2 25 92
A 2 20 93
L -7
L 8
A 2 32 96
A 2 66 97
L 20
A 2 23 33
A 2 31 100
A 2 30 101
A 2 29 102
A 2 28 103
A 2 99 104
A 2 105 62
A 2 26 106
L 28
A 2 108 70
A 2 68 109
A 2 67 110
A 2 22 111
A 2 52 112
A 2 44 113
A 2 114 89
A 2 65 115
O 1 2 107 116
A 2 98 117
A 2 95 118
O 7 2 94 119
A 2 19 120
A 2 14 121
L -9
L 10
A 2 67 33
A 2 124 125
A 2 22 23
A 2 21 127
L 22
A 2 32 17
A 2 31 130
A 2 30 131
A 2 29 132
A 2 129 133
A 2 27 134
A 2 135 62
A 2 26 136
L 30
A 2 69 138
A 2 68 139
A 2 16 140
A 2 66 141
A 2 52 142
A 2 44 143
A 2 144 89
A 2 65 145
O 1 2 137 146
A 2 128 147
A 2 20 148
A 2 32 96
A 2 66 150
A 2 23 17
A 2 31 152
A 2 30 153
A 2 29 154
A 2 129 155
A 2 99 156
A 2 157 62
A 2 26 158
A 2 108 138
A 2 68 160
A 2 16 161
A 2 22 162
A 2 52 163
A 2 44 164
A 2 165 89
A 2 65 166
O 1 2 159 167
A 2 151 168
A 2 95 169
O 7 2 149 170
A 2 126 171
A 2 123 172
O 9 2 122 173
A 2 13 174
A 2 0 175
L -5
L -13
L 6
L 14
A 2 179 180
A 2 178 181
A 2 31 182
A 2 30 183
A 2 52 184
A 2 44 185
A 2 16 17
A 2 15 187
A 2 22 23
A 2 21 189
A 2 32 33
A 2 6 191
A 2 5 192
A 2 29 193
A 2 28 194
A 2 27 195
L 18
A 2 3 45
A 2 43 198
A 2 197 199
A 2 41 200
A 2 40 201
L 17
A 2 55 203
A 2 54 204
A 2 53 205
A 2 4 206
A 2 51 207
O 4 2 202 208
A 2 196 209
A 2 26 210
A 2 69 70
A 2 68 212
A 2 67 213
A 2 66 214
A 2 4 215
A 2 3 216
L 26
A 2 45 218
A 2 5 219
A 2 43 220
A 2 41 221
A 2 40 222
L 25
A 2 55 224
A 2 54 225
A 2 53 226
A 2 6 227
A 2 51 228
O 4 2 223 229
A 2 217 230
A 2 65 231
O 1 2 211 232
A 2 190 233
A 2 20 234
A 2 32 96
A 2 66 236
A 2 23 33
A 2 6 238
A 2 5 239
A 2 29 240
A 2 28 241
A 2 99 242
A 2 243 209
A 2 26 244
A 2 108 70
A 2 68 246
A 2 67 247
A 2 22 248
A 2 4 249
A 2 3 250
A 2 251 230
A 2 65 252
O 1 2 245 253
A 2 237 254
A 2 95 255
O 7 2 235 256
A 2 188 257
A 2 14 258
A 2 67 33
A 2 124 260
A 2 22 23
A 2 21 262
A 2 32 17
A 2 6 264
A 2 5 265
A 2 29 266
A 2 129 267
A 2 27 268
A 2 269 209
A 2 26 270
A 2 69 138
A 2 68 272
A 2 16 273
A 2 66 274
A 2 4 275
A 2 3 276
A 2 277 230
A 2 65 278
O 1 2 271 279
A 2 263 280
A 2 20 281
A 2 32 96
A 2 66 283
A 2 23 17
A 2 6 285
A 2 5 286
A 2 29 287
A 2 129 288
A 2 99 289
A 2 290 209
A 2 26 291
A 2 108 138
A 2 68 293
A 2 16 294
A 2 22 295
A 2 4 296
A 2 3 297
A 2 298 230
A 2 65 299
O 1 2 292 300
A 2 284 301
A 2 95 302
O 7 2 282 303
A 2 261 304
A 2 123 305
O 9 2 259 306
A 2 186 307
A 2 177 308
O 5 2 176 309
