nnf 183 454 20
L 9
L -10
L 11
L -12
L 6
L -7
L 8
A 2 5 6
L 1
L 15
L 13
L -2
A 2 10 11
A 2 9 12
L 4
L -3
L -5
L 18
A 2 16 17
A 2 15 18
A 2 14 19
L -4
L 5
L 3
L 17
A 2 23 24
A 2 22 25
A 2 21 26
O 4 2 20 27
A 2 13 28
A 2 8 29
L -1
L 2
L 14
L 16
A 2 33 34
A 2 32 35
L -18
A 2 15 16
A 2 37 38
A 2 14 39
L -17
A 2 23 41
A 2 22 42
A 2 21 43
O 4 2 40 44
A 2 36 45
A 2 31 46
O 1 2 30 47
A 2 7 48
A 2 4 49
L -6
L -8
L 7
A 2 52 53
A 2 10 11
A 2 9 55
L 20
A 2 16 57
A 2 15 58
A 2 14 59
L 19
A 2 23 61
A 2 22 62
A 2 21 63
O 4 2 60 64
A 2 56 65
A 2 8 66
A 2 33 34
A 2 32 68
L -20
A 2 15 16
A 2 70 71
A 2 14 72
L -19
A 2 23 74
A 2 22 75
A 2 21 76
O 4 2 73 77
A 2 69 78
A 2 31 79
O 1 2 67 80
A 2 54 81
A 2 51 82
O 6 2 50 83
A 2 3 84
A 2 2 85
L -11
L 12
A 2 5 6
L -15
A 2 90 11
A 2 10 91
A 2 92 28
A 2 8 93
L -16
A 2 33 95
A 2 32 96
A 2 97 45
A 2 31 98
O 1 2 94 99
A 2 89 100
A 2 4 101
A 2 52 53
A 2 90 11
A 2 10 104
A 2 105 65
A 2 8 106
A 2 33 95
A 2 32 108
A 2 109 78
A 2 31 110
O 1 2 107 111
A 2 103 112
A 2 51 113
O 6 2 102 114
A 2 88 115
A 2 87 116
O 11 2 86 117
A 2 1 118
A 2 0 119
L -9
L 10
A 2 5 6
L -13
A 2 124 11
A 2 9 125
A 2 126 28
A 2 8 127
L -14
A 2 34 129
A 2 32 130
A 2 131 45
A 2 31 132
O 1 2 128 133
A 2 123 134
A 2 4 135
A 2 52 53
A 2 124 11
A 2 9 138
A 2 139 65
A 2 8 140
A 2 34 129
A 2 32 142
A 2 143 78
A 2 31 144
O 1 2 141 145
A 2 137 146
A 2 51 147
O 6 2 136 148
A 2 3 149
A 2 2 150
A 2 5 6
A 2 90 11
A 2 124 153
A 2 154 28
A 2 8 155
A 2 129 95
A 2 32 157
A 2 158 45
A 2 31 159
O 1 2 156 160
A 2 152 161
A 2 4 162
A 2 52 53
A 2 90 11
A 2 124 165
A 2 166 65
A 2 8 167
A 2 129 95
A 2 32 169
A 2 170 78
A 2 31 171
O 1 2 168 172
A 2 164 173
A 2 51 174
O 6 2 163 175
A 2 88 176
A 2 87 177
O 11 2 151 178
A 2 122 179
A 2 121 180
O 9 2 120 181
