nnf 311 774 20
L 9
L -10
L 11
L -12
L 6
L -7
L 8
A 2 5 6
L 1
L 15
L 13
L -2
A 2 10 11
A 2 9 12
L 4
L -3
L -5
L 18
A 2 16 17
A 2 15 18
A 2 14 19
L 17
L -17
O 17 2 21 22
A 2 20 23
L -4
L 5
L 3
L 17
A 2 27 28
A 2 26 29
A 2 25 30
L 18
L -18
O 18 2 32 33
A 2 31 34
O 4 2 24 35
A 2 13 36
A 2 8 37
L 14
L -14
O 14 2 39 40
L 16
L -16
O 16 2 42 43
A 2 41 44
A 2 38 45
L -1
L 2
L 14
L 16
A 2 49 50
A 2 48 51
L -18
A 2 15 16
A 2 53 54
A 2 14 55
O 17 2 21 22
A 2 56 57
L -17
A 2 27 59
A 2 26 60
A 2 25 61
O 18 2 32 33
A 2 62 63
O 4 2 58 64
A 2 52 65
A 2 47 66
L 13
L -13
O 13 2 68 69
L 15
L -15
O 15 2 71 72
A 2 70 73
A 2 67 74
O 1 2 46 75
A 2 7 76
A 2 4 77
L 19
L -19
O 19 2 79 80
L 20
L -20
O 20 2 82 83
A 2 81 84
A 2 78 85
L -6
L -8
L 7
A 2 88 89
A 2 10 11
A 2 9 91
L 20
A 2 16 93
A 2 15 94
A 2 14 95
O 19 2 79 80
A 2 96 97
L 19
A 2 27 99
A 2 26 100
A 2 25 101
O 20 2 82 83
A 2 102 103
O 4 2 98 104
A 2 92 105
A 2 8 106
O 14 2 39 40
O 16 2 42 43
A 2 108 109
A 2 107 110
A 2 49 50
A 2 48 112
L -20
A 2 15 16
A 2 114 115
A 2 14 116
O 19 2 79 80
A 2 117 118
L -19
A 2 27 120
A 2 26 121
A 2 25 122
O 20 2 82 83
A 2 123 124
O 4 2 119 125
A 2 113 126
A 2 47 127
O 13 2 68 69
O 15 2 71 72
A 2 129 130
A 2 128 131
O 1 2 111 132
A 2 90 133
A 2 87 134
O 17 2 21 22
O 18 2 32 33
A 2 136 137
A 2 135 138
O 6 2 86 139
A 2 3 140
A 2 2 141
L -11
L 12
A 2 5 6
L -15
A 2 146 11
A 2 10 147
A 2 148 36
A 2 8 149
O 14 2 39 40
O 16 2 42 43
A 2 151 152
A 2 150 153
L -16
A 2 49 155
A 2 48 156
A 2 157 65
A 2 47 158
O 13 2 68 69
O 15 2 71 72
A 2 160 161
A 2 159 162
O 1 2 154 163
A 2 145 164
A 2 4 165
O 19 2 79 80
O 20 2 82 83
A 2 167 168
A 2 166 169
A 2 88 89
A 2 146 11
A 2 10 172
A 2 173 105
A 2 8 174
O 14 2 39 40
O 16 2 42 43
A 2 176 177
A 2 175 178
A 2 49 155
A 2 48 180
A 2 181 126
A 2 47 182
O 13 2 68 69
O 15 2 71 72
A 2 184 185
A 2 183 186
O 1 2 179 187
A 2 171 188
A 2 87 189
O 17 2 21 22
O 18 2 32 33
A 2 191 192
A 2 190 193
O 6 2 170 194
A 2 144 195
A 2 143 196
O 11 2 142 197
A 2 1 198
A 2 0 199
L -9
L 10
A 2 5 6
L -13
A 2 204 11
A 2 9 205
A 2 206 36
A 2 8 207
O 14 2 39 40
O 16 2 42 43
A 2 209 210
A 2 208 211
L -14
A 2 50 213
A 2 48 214
A 2 215 65
A 2 47 216
O 13 2 68 69
O 15 2 71 72
A 2 218 219
A 2 217 220
O 1 2 212 221
A 2 203 222
A 2 4 223
O 19 2 79 80
O 20 2 82 83
A 2 225 226
A 2 224 227
A 2 88 89
A 2 204 11
A 2 9 230
A 2 231 105
A 2 8 232
O 14 2 39 40
O 16 2 42 43
A 2 234 235
A 2 233 236
A 2 50 213
A 2 48 238
A 2 239 126
A 2 47 240
O 13 2 68 69
O 15 2 71 72
A 2 242 243
A 2 241 244
O 1 2 237 245
A 2 229 246
A 2 87 247
O 17 2 21 22
O 18 2 32 33
A 2 249 250
A 2 248 251
O 6 2 228 252
A 2 3 253
A 2 2 254
A 2 5 6
A 2 146 11
A 2 204 257
A 2 258 36
A 2 8 259
O 14 2 39 40
O 16 2 42 43
A 2 261 262
A 2 260 263
A 2 213 155
A 2 48 265
A 2 266 65
A 2 47 267
O 13 2 68 69
O 15 2 71 72
A 2 269 270
A 2 268 271
O 1 2 264 272
A 2 256 273
A 2 4 274
O 19 2 79 80
O 20 2 82 83
A 2 276 277
A 2 275 278
A 2 88 89
A 2 146 11
A 2 204 281
A 2 282 105
A 2 8 283
O 14 2 39 40
O 16 2 42 43
A 2 285 286
A 2 284 287
A 2 213 155
A 2 48 289
A 2 290 126
A 2 47 291
O 13 2 68 69
O 15 2 71 72
A 2 293 294
A 2 292 295
O 1 2 288 296
A 2 280 297
A 2 87 298
O 17 2 21 22
O 18 2 32 33
A 2 300 301
A 2 299 302
O 6 2 279 303
A 2 144 304
A 2 143 305
O 11 2 255 306
A 2 202 307
A 2 201 308
O 9 2 200 309
