nnf 1167 4478 52
L 9
L -10
L -38
L -40
L -44
L -46
L -51
L -52
A 2 6 7
A 2 5 8
A 2 4 9
A 2 3 10
A 2 2 11
A 2 1 12
L 11
L 49
L 19
L -12
L -26
L -32
L -50
L -20
A 2 20 21
A 2 19 22
A 2 18 23
A 2 17 24
A 2 16 25
A 2 15 26
L 13
L -14
L -39
L -45
L -22
L -24
A 2 32 33
A 2 31 34
A 2 30 35
A 2 29 36
L 5
L -6
L -29
L -35
L -30
L -36
A 2 42 43
A 2 41 44
A 2 40 45
A 2 39 46
L 7
L 37
L -8
L -28
L -34
L -43
L -47
L -48
A 2 54 55
A 2 53 56
A 2 52 57
A 2 51 58
A 2 50 59
A 2 49 60
L 15
L 41
L -16
L -42
A 2 64 65
A 2 63 66
L 4
L 31
L 33
L -3
L -25
L -27
A 2 72 73
A 2 71 74
A 2 70 75
A 2 69 76
A 2 68 77
L -4
L -31
L -33
L 3
L 25
L 27
A 2 83 84
A 2 82 85
A 2 81 86
A 2 80 87
A 2 79 88
O 4 2 78 89
L 1
L 21
L -2
L -18
L -23
L 17
A 2 95 96
A 2 94 97
A 2 93 98
A 2 92 99
A 2 91 100
L -1
L 2
L 18
L 23
L -17
L -21
A 2 106 107
A 2 105 108
A 2 104 109
A 2 103 110
A 2 102 111
O 1 2 101 112
A 2 90 113
A 2 67 114
A 2 62 115
L -15
L 16
L 42
L -41
A 2 119 120
A 2 118 121
A 2 122 114
A 2 117 123
O 15 2 116 124
A 2 61 125
A 2 48 126
L -7
L -37
L 8
L 43
A 2 130 131
A 2 65 132
A 2 120 133
A 2 129 134
A 2 81 135
A 2 73 136
L 47
A 2 64 55
A 2 138 139
L 34
A 2 72 51
A 2 71 142
A 2 141 143
A 2 69 144
A 2 68 145
L 28
A 2 83 147
A 2 82 148
A 2 52 149
A 2 80 150
A 2 79 151
O 4 2 146 152
A 2 95 96
A 2 94 154
A 2 93 155
A 2 92 156
A 2 91 157
A 2 106 107
A 2 105 159
A 2 104 160
A 2 103 161
A 2 102 162
O 1 2 158 163
A 2 153 164
A 2 140 165
A 2 62 166
L 48
A 2 168 54
A 2 118 169
A 2 170 165
A 2 117 171
O 15 2 167 172
A 2 137 173
A 2 128 174
O 7 2 127 175
A 2 47 176
A 2 38 177
L -5
L 6
A 2 52 180
A 2 51 181
A 2 81 182
A 2 73 183
A 2 54 55
A 2 53 185
A 2 43 186
A 2 42 187
A 2 50 188
A 2 49 189
A 2 64 65
A 2 63 191
L 35
A 2 72 40
A 2 71 194
A 2 193 195
A 2 69 196
A 2 68 197
L 29
A 2 83 199
A 2 82 200
A 2 41 201
A 2 80 202
A 2 79 203
O 4 2 198 204
A 2 95 96
A 2 94 206
A 2 93 207
A 2 92 208
A 2 91 209
A 2 106 107
A 2 105 211
A 2 104 212
A 2 103 213
A 2 102 214
O 1 2 210 215
A 2 205 216
A 2 192 217
A 2 62 218
A 2 119 120
A 2 118 220
A 2 221 217
A 2 117 222
O 15 2 219 223
A 2 190 224
A 2 48 225
A 2 130 131
A 2 65 227
A 2 120 228
A 2 129 229
A 2 41 230
A 2 40 231
A 2 64 55
A 2 138 233
L 36
A 2 42 72
A 2 71 236
A 2 235 237
A 2 69 238
A 2 68 239
L 30
A 2 83 241
A 2 82 242
A 2 43 243
A 2 80 244
A 2 79 245
O 4 2 240 246
A 2 95 96
A 2 94 248
A 2 93 249
A 2 92 250
A 2 91 251
A 2 106 107
A 2 105 253
A 2 104 254
A 2 103 255
A 2 102 256
O 1 2 252 257
A 2 247 258
A 2 234 259
A 2 62 260
A 2 168 54
A 2 118 262
A 2 263 259
A 2 117 264
O 15 2 261 265
A 2 232 266
A 2 128 267
O 7 2 226 268
A 2 184 269
A 2 179 270
O 5 2 178 271
A 2 37 272
A 2 28 273
L -13
L 14
A 2 107 95
A 2 53 277
A 2 129 278
A 2 276 279
A 2 42 43
A 2 41 281
A 2 40 282
A 2 39 283
L 39
A 2 54 55
A 2 31 286
A 2 52 287
A 2 51 288
A 2 50 289
A 2 285 290
A 2 64 65
A 2 63 292
A 2 72 73
A 2 71 294
A 2 70 295
A 2 69 296
A 2 68 297
A 2 83 84
A 2 82 299
A 2 81 300
A 2 80 301
A 2 79 302
O 4 2 298 303
L 22
A 2 33 96
A 2 94 306
A 2 93 307
A 2 305 308
A 2 91 309
L 24
A 2 106 32
A 2 311 312
A 2 104 313
A 2 103 314
A 2 102 315
O 1 2 310 316
A 2 304 317
A 2 293 318
A 2 62 319
A 2 119 120
A 2 118 321
A 2 322 318
A 2 117 323
O 15 2 320 324
A 2 291 325
A 2 48 326
L 45
A 2 130 328
A 2 65 329
A 2 120 330
A 2 30 331
A 2 81 332
A 2 73 333
A 2 64 55
A 2 138 335
A 2 72 51
A 2 71 337
A 2 141 338
A 2 69 339
A 2 68 340
A 2 83 147
A 2 82 342
A 2 52 343
A 2 80 344
A 2 79 345
O 4 2 341 346
A 2 33 96
A 2 94 348
A 2 93 349
A 2 305 350
A 2 91 351
A 2 106 32
A 2 311 353
A 2 104 354
A 2 103 355
A 2 102 356
O 1 2 352 357
A 2 347 358
A 2 336 359
A 2 62 360
A 2 168 54
A 2 118 362
A 2 363 359
A 2 117 364
O 15 2 361 365
A 2 334 366
A 2 128 367
O 7 2 327 368
A 2 284 369
A 2 38 370
A 2 52 180
A 2 51 372
A 2 81 373
A 2 73 374
A 2 54 55
A 2 31 376
A 2 43 377
A 2 42 378
A 2 50 379
A 2 285 380
A 2 64 65
A 2 63 382
A 2 72 40
A 2 71 384
A 2 193 385
A 2 69 386
A 2 68 387
A 2 83 199
A 2 82 389
A 2 41 390
A 2 80 391
A 2 79 392
O 4 2 388 393
A 2 33 96
A 2 94 395
A 2 93 396
A 2 305 397
A 2 91 398
A 2 106 32
A 2 311 400
A 2 104 401
A 2 103 402
A 2 102 403
O 1 2 399 404
A 2 394 405
A 2 383 406
A 2 62 407
A 2 119 120
A 2 118 409
A 2 410 406
A 2 117 411
O 15 2 408 412
A 2 381 413
A 2 48 414
A 2 130 328
A 2 65 416
A 2 120 417
A 2 30 418
A 2 41 419
A 2 40 420
A 2 64 55
A 2 138 422
A 2 42 72
A 2 71 424
A 2 235 425
A 2 69 426
A 2 68 427
A 2 83 241
A 2 82 429
A 2 43 430
A 2 80 431
A 2 79 432
O 4 2 428 433
A 2 33 96
A 2 94 435
A 2 93 436
A 2 305 437
A 2 91 438
A 2 106 32
A 2 311 440
A 2 104 441
A 2 103 442
A 2 102 443
O 1 2 439 444
A 2 434 445
A 2 423 446
A 2 62 447
A 2 168 54
A 2 118 449
A 2 450 446
A 2 117 451
O 15 2 448 452
A 2 421 453
A 2 128 454
O 7 2 415 455
A 2 375 456
A 2 179 457
O 5 2 371 458
A 2 280 459
A 2 275 460
O 13 2 274 461
A 2 27 462
A 2 14 463
L -11
L -49
L -19
L 12
L 50
L 20
A 2 469 470
A 2 468 471
A 2 467 472
A 2 466 473
A 2 80 474
A 2 72 475
A 2 32 33
A 2 31 477
A 2 30 478
A 2 29 479
A 2 42 43
A 2 41 481
A 2 40 482
A 2 39 483
A 2 54 55
A 2 53 485
A 2 52 486
A 2 51 487
A 2 50 488
A 2 49 489
A 2 64 65
A 2 63 491
L 32
A 2 18 73
A 2 71 494
A 2 70 495
A 2 493 496
A 2 68 497
L 26
A 2 499 84
A 2 82 500
A 2 81 501
A 2 19 502
A 2 79 503
O 4 2 498 504
A 2 95 96
A 2 94 506
A 2 93 507
A 2 92 508
A 2 91 509
A 2 106 107
A 2 105 511
A 2 104 512
A 2 103 513
A 2 102 514
O 1 2 510 515
A 2 505 516
A 2 492 517
A 2 62 518
A 2 119 120
A 2 118 520
A 2 521 517
A 2 117 522
O 15 2 519 523
A 2 490 524
A 2 48 525
A 2 130 131
A 2 65 527
A 2 120 528
A 2 129 529
A 2 81 530
A 2 73 531
A 2 64 55
A 2 138 533
A 2 18 51
A 2 71 535
A 2 141 536
A 2 493 537
A 2 68 538
A 2 499 147
A 2 82 540
A 2 52 541
A 2 19 542
A 2 79 543
O 4 2 539 544
A 2 95 96
A 2 94 546
A 2 93 547
A 2 92 548
A 2 91 549
A 2 106 107
A 2 105 551
A 2 104 552
A 2 103 553
A 2 102 554
O 1 2 550 555
A 2 545 556
A 2 534 557
A 2 62 558
A 2 168 54
A 2 118 560
A 2 561 557
A 2 117 562
O 15 2 559 563
A 2 532 564
A 2 128 565
O 7 2 526 566
A 2 484 567
A 2 38 568
A 2 52 180
A 2 51 570
A 2 81 571
A 2 73 572
A 2 54 55
A 2 53 574
A 2 43 575
A 2 42 576
A 2 50 577
A 2 49 578
A 2 64 65
A 2 63 580
A 2 18 40
A 2 71 582
A 2 193 583
A 2 493 584
A 2 68 585
A 2 499 199
A 2 82 587
A 2 41 588
A 2 19 589
A 2 79 590
O 4 2 586 591
A 2 95 96
A 2 94 593
A 2 93 594
A 2 92 595
A 2 91 596
A 2 106 107
A 2 105 598
A 2 104 599
A 2 103 600
A 2 102 601
O 1 2 597 602
A 2 592 603
A 2 581 604
A 2 62 605
A 2 119 120
A 2 118 607
A 2 608 604
A 2 117 609
O 15 2 606 610
A 2 579 611
A 2 48 612
A 2 130 131
A 2 65 614
A 2 120 615
A 2 129 616
A 2 41 617
A 2 40 618
A 2 64 55
A 2 138 620
A 2 42 18
A 2 71 622
A 2 235 623
A 2 493 624
A 2 68 625
A 2 499 241
A 2 82 627
A 2 43 628
A 2 19 629
A 2 79 630
O 4 2 626 631
A 2 95 96
A 2 94 633
A 2 93 634
A 2 92 635
A 2 91 636
A 2 106 107
A 2 105 638
A 2 104 639
A 2 103 640
A 2 102 641
O 1 2 637 642
A 2 632 643
A 2 621 644
A 2 62 645
A 2 168 54
A 2 118 647
A 2 648 644
A 2 117 649
O 15 2 646 650
A 2 619 651
A 2 128 652
O 7 2 613 653
A 2 573 654
A 2 179 655
O 5 2 569 656
A 2 480 657
A 2 28 658
A 2 107 95
A 2 53 660
A 2 129 661
A 2 276 662
A 2 42 43
A 2 41 664
A 2 40 665
A 2 39 666
A 2 54 55
A 2 31 668
A 2 52 669
A 2 51 670
A 2 50 671
A 2 285 672
A 2 64 65
A 2 63 674
A 2 18 73
A 2 71 676
A 2 70 677
A 2 493 678
A 2 68 679
A 2 499 84
A 2 82 681
A 2 81 682
A 2 19 683
A 2 79 684
O 4 2 680 685
A 2 33 96
A 2 94 687
A 2 93 688
A 2 305 689
A 2 91 690
A 2 106 32
A 2 311 692
A 2 104 693
A 2 103 694
A 2 102 695
O 1 2 691 696
A 2 686 697
A 2 675 698
A 2 62 699
A 2 119 120
A 2 118 701
A 2 702 698
A 2 117 703
O 15 2 700 704
A 2 673 705
A 2 48 706
A 2 130 328
A 2 65 708
A 2 120 709
A 2 30 710
A 2 81 711
A 2 73 712
A 2 64 55
A 2 138 714
A 2 18 51
A 2 71 716
A 2 141 717
A 2 493 718
A 2 68 719
A 2 499 147
A 2 82 721
A 2 52 722
A 2 19 723
A 2 79 724
O 4 2 720 725
A 2 33 96
A 2 94 727
A 2 93 728
A 2 305 729
A 2 91 730
A 2 106 32
A 2 311 732
A 2 104 733
A 2 103 734
A 2 102 735
O 1 2 731 736
A 2 726 737
A 2 715 738
A 2 62 739
A 2 168 54
A 2 118 741
A 2 742 738
A 2 117 743
O 15 2 740 744
A 2 713 745
A 2 128 746
O 7 2 707 747
A 2 667 748
A 2 38 749
A 2 52 180
A 2 51 751
A 2 81 752
A 2 73 753
A 2 54 55
A 2 31 755
A 2 43 756
A 2 42 757
A 2 50 758
A 2 285 759
A 2 64 65
A 2 63 761
A 2 18 40
A 2 71 763
A 2 193 764
A 2 493 765
A 2 68 766
A 2 499 199
A 2 82 768
A 2 41 769
A 2 19 770
A 2 79 771
O 4 2 767 772
A 2 33 96
A 2 94 774
A 2 93 775
A 2 305 776
A 2 91 777
A 2 106 32
A 2 311 779
A 2 104 780
A 2 103 781
A 2 102 782
O 1 2 778 783
A 2 773 784
A 2 762 785
A 2 62 786
A 2 119 120
A 2 118 788
A 2 789 785
A 2 117 790
O 15 2 787 791
A 2 760 792
A 2 48 793
A 2 130 328
A 2 65 795
A 2 120 796
A 2 30 797
A 2 41 798
A 2 40 799
A 2 64 55
A 2 138 801
A 2 42 18
A 2 71 803
A 2 235 804
A 2 493 805
A 2 68 806
A 2 499 241
A 2 82 808
A 2 43 809
A 2 19 810
A 2 79 811
O 4 2 807 812
A 2 33 96
A 2 94 814
A 2 93 815
A 2 305 816
A 2 91 817
A 2 106 32
A 2 311 819
A 2 104 820
A 2 103 821
A 2 102 822
O 1 2 818 823
A 2 813 824
A 2 802 825
A 2 62 826
A 2 168 54
A 2 118 828
A 2 829 825
A 2 117 830
O 15 2 827 831
A 2 800 832
A 2 128 833
O 7 2 794 834
A 2 754 835
A 2 179 836
O 5 2 750 837
A 2 663 838
A 2 275 839
O 13 2 659 840
A 2 476 841
A 2 465 842
O 11 2 464 843
A 2 13 844
A 2 0 845
L -9
L 10
A 2 20 848
A 2 466 849
A 2 31 850
A 2 53 851
A 2 30 852
A 2 129 853
L 51
A 2 7 21
A 2 19 856
A 2 18 857
A 2 17 858
A 2 16 859
A 2 855 860
A 2 32 33
A 2 5 862
A 2 3 863
A 2 29 864
A 2 42 43
A 2 41 866
A 2 40 867
A 2 39 868
L 38
A 2 54 55
A 2 4 871
A 2 52 872
A 2 51 873
A 2 50 874
A 2 870 875
A 2 64 65
A 2 63 877
A 2 878 114
A 2 62 879
A 2 119 120
A 2 118 881
A 2 882 114
A 2 117 883
O 15 2 880 884
A 2 876 885
A 2 48 886
L 44
A 2 130 888
A 2 65 889
A 2 120 890
A 2 2 891
A 2 81 892
A 2 73 893
A 2 894 173
A 2 128 895
O 7 2 887 896
A 2 869 897
A 2 38 898
A 2 52 180
A 2 51 900
A 2 81 901
A 2 73 902
A 2 54 55
A 2 4 904
A 2 43 905
A 2 42 906
A 2 50 907
A 2 870 908
A 2 64 65
A 2 63 910
A 2 911 217
A 2 62 912
A 2 119 120
A 2 118 914
A 2 915 217
A 2 117 916
O 15 2 913 917
A 2 909 918
A 2 48 919
A 2 130 888
A 2 65 921
A 2 120 922
A 2 2 923
A 2 41 924
A 2 40 925
A 2 926 266
A 2 128 927
O 7 2 920 928
A 2 903 929
A 2 179 930
O 5 2 899 931
A 2 865 932
A 2 28 933
A 2 107 95
A 2 4 935
A 2 2 936
A 2 276 937
A 2 42 43
A 2 41 939
A 2 40 940
A 2 39 941
L 40
A 2 54 55
A 2 5 944
A 2 52 945
A 2 51 946
A 2 50 947
A 2 943 948
A 2 64 65
A 2 63 950
A 2 951 318
A 2 62 952
A 2 119 120
A 2 118 954
A 2 955 318
A 2 117 956
O 15 2 953 957
A 2 949 958
A 2 48 959
L 46
A 2 130 961
A 2 65 962
A 2 120 963
A 2 3 964
A 2 81 965
A 2 73 966
A 2 967 366
A 2 128 968
O 7 2 960 969
A 2 942 970
A 2 38 971
A 2 52 180
A 2 51 973
A 2 81 974
A 2 73 975
A 2 54 55
A 2 5 977
A 2 43 978
A 2 42 979
A 2 50 980
A 2 943 981
A 2 64 65
A 2 63 983
A 2 984 406
A 2 62 985
A 2 119 120
A 2 118 987
A 2 988 406
A 2 117 989
O 15 2 986 990
A 2 982 991
A 2 48 992
A 2 130 961
A 2 65 994
A 2 120 995
A 2 3 996
A 2 41 997
A 2 40 998
A 2 999 453
A 2 128 1000
O 7 2 993 1001
A 2 976 1002
A 2 179 1003
O 5 2 972 1004
A 2 938 1005
A 2 275 1006
O 13 2 934 1007
A 2 861 1008
A 2 14 1009
L 52
A 2 1011 470
A 2 468 1012
A 2 467 1013
A 2 6 1014
A 2 80 1015
A 2 72 1016
A 2 32 33
A 2 5 1018
A 2 3 1019
A 2 29 1020
A 2 42 43
A 2 41 1022
A 2 40 1023
A 2 39 1024
A 2 54 55
A 2 4 1026
A 2 52 1027
A 2 51 1028
A 2 50 1029
A 2 870 1030
A 2 64 65
A 2 63 1032
A 2 1033 517
A 2 62 1034
A 2 119 120
A 2 118 1036
A 2 1037 517
A 2 117 1038
O 15 2 1035 1039
A 2 1031 1040
A 2 48 1041
A 2 130 888
A 2 65 1043
A 2 120 1044
A 2 2 1045
A 2 81 1046
A 2 73 1047
A 2 1048 564
A 2 128 1049
O 7 2 1042 1050
A 2 1025 1051
A 2 38 1052
A 2 52 180
A 2 51 1054
A 2 81 1055
A 2 73 1056
A 2 54 55
A 2 4 1058
A 2 43 1059
A 2 42 1060
A 2 50 1061
A 2 870 1062
A 2 64 65
A 2 63 1064
A 2 1065 604
A 2 62 1066
A 2 119 120
A 2 118 1068
A 2 1069 604
A 2 117 1070
O 15 2 1067 1071
A 2 1063 1072
A 2 48 1073
A 2 130 888
A 2 65 1075
A 2 120 1076
A 2 2 1077
A 2 41 1078
A 2 40 1079
A 2 1080 651
A 2 128 1081
O 7 2 1074 1082
A 2 1057 1083
A 2 179 1084
O 5 2 1053 1085
A 2 1021 1086
A 2 28 1087
A 2 107 95
A 2 4 1089
A 2 2 1090
A 2 276 1091
A 2 42 43
A 2 41 1093
A 2 40 1094
A 2 39 1095
A 2 54 55
A 2 5 1097
A 2 52 1098
A 2 51 1099
A 2 50 1100
A 2 943 1101
A 2 64 65
A 2 63 1103
A 2 1104 698
A 2 62 1105
A 2 119 120
A 2 118 1107
A 2 1108 698
A 2 117 1109
O 15 2 1106 1110
A 2 1102 1111
A 2 48 1112
A 2 130 961
A 2 65 1114
A 2 120 1115
A 2 3 1116
A 2 81 1117
A 2 73 1118
A 2 1119 745
A 2 128 1120
O 7 2 1113 1121
A 2 1096 1122
A 2 38 1123
A 2 52 180
A 2 51 1125
A 2 81 1126
A 2 73 1127
A 2 54 55
A 2 5 1129
A 2 43 1130
A 2 42 1131
A 2 50 1132
A 2 943 1133
A 2 64 65
A 2 63 1135
A 2 1136 785
A 2 62 1137
A 2 119 120
A 2 118 1139
A 2 1140 785
A 2 117 1141
O 15 2 1138 1142
A 2 1134 1143
A 2 48 1144
A 2 130 961
A 2 65 1146
A 2 120 1147
A 2 3 1148
A 2 41 1149
A 2 40 1150
A 2 1151 832
A 2 128 1152
O 7 2 1145 1153
A 2 1128 1154
A 2 179 1155
O 5 2 1124 1156
A 2 1092 1157
A 2 275 1158
O 13 2 1088 1159
A 2 1017 1160
A 2 465 1161
O 11 2 1010 1162
A 2 854 1163
A 2 847 1164
O 9 2 846 1165
