nnf 602 3598 34
L 9
L -8
L 18
L -17
L 26
A 2 3 4
L 12
L -13
L -14
A 2 7 8
L 5
L -4
L 19
A 2 11 12
L 6
L -7
L -30
A 2 15 16
L 11
L -10
L 21
A 2 19 20
L 16
L 34
L -15
A 2 23 24
L 1
L 23
L -2
L -3
A 2 28 29
A 2 27 30
A 2 26 31
L -1
L 3
L 2
L 24
A 2 35 36
A 2 34 37
A 2 33 38
O 1 2 32 39
A 2 25 40
A 2 22 41
L -16
L 15
L 32
A 2 44 45
L -23
A 2 29 47
A 2 28 48
A 2 26 49
L -24
A 2 35 51
A 2 34 52
A 2 33 53
O 1 2 50 54
A 2 46 55
A 2 43 56
O 16 2 42 57
A 2 21 58
A 2 18 59
L -11
L -21
L 10
A 2 62 63
L 31
A 2 65 43
A 2 29 47
A 2 28 67
A 2 26 68
A 2 35 51
A 2 34 70
A 2 33 71
O 1 2 69 72
A 2 66 73
A 2 44 74
L 33
A 2 22 76
A 2 28 29
A 2 27 78
A 2 26 79
A 2 35 36
A 2 34 81
A 2 33 82
O 1 2 80 83
A 2 77 84
A 2 24 85
O 15 2 75 86
A 2 64 87
A 2 61 88
O 11 2 60 89
A 2 17 90
A 2 14 91
L -6
L 30
L 7
A 2 94 95
A 2 96 90
A 2 93 97
O 6 2 92 98
A 2 13 99
A 2 10 100
L -5
L 4
L -19
A 2 103 104
L -29
A 2 15 106
A 2 19 20
A 2 23 24
A 2 28 29
A 2 27 110
A 2 26 111
A 2 35 36
A 2 34 113
A 2 33 114
O 1 2 112 115
A 2 109 116
A 2 22 117
A 2 44 45
A 2 29 47
A 2 28 120
A 2 26 121
A 2 35 51
A 2 34 123
A 2 33 124
O 1 2 122 125
A 2 119 126
A 2 43 127
O 16 2 118 128
A 2 108 129
A 2 18 130
A 2 62 63
A 2 65 43
A 2 29 47
A 2 28 134
A 2 26 135
A 2 35 51
A 2 34 137
A 2 33 138
O 1 2 136 139
A 2 133 140
A 2 44 141
A 2 22 76
A 2 28 29
A 2 27 144
A 2 26 145
A 2 35 36
A 2 34 147
A 2 33 148
O 1 2 146 149
A 2 143 150
A 2 24 151
O 15 2 142 152
A 2 132 153
A 2 61 154
O 11 2 131 155
A 2 107 156
A 2 14 157
L 29
A 2 159 95
A 2 160 156
A 2 93 161
O 6 2 158 162
A 2 105 163
A 2 102 164
O 5 2 101 165
A 2 9 166
A 2 6 167
L -12
L 14
L 13
A 2 170 171
L 20
A 2 11 173
A 2 15 16
L 22
A 2 19 176
A 2 23 177
A 2 28 29
A 2 27 179
A 2 26 180
A 2 35 36
A 2 34 182
A 2 33 183
O 1 2 181 184
A 2 178 185
A 2 18 186
L -22
A 2 76 188
A 2 63 189
A 2 28 29
A 2 27 191
A 2 26 192
A 2 35 36
A 2 34 194
A 2 33 195
O 1 2 193 196
A 2 190 197
A 2 61 198
O 11 2 187 199
A 2 24 200
A 2 22 201
A 2 61 188
A 2 65 203
A 2 29 47
A 2 28 205
A 2 26 206
A 2 35 51
A 2 34 208
A 2 33 209
O 1 2 207 210
A 2 204 211
A 2 63 212
A 2 176 45
A 2 18 214
A 2 29 47
A 2 28 216
A 2 26 217
A 2 35 51
A 2 34 219
A 2 33 220
O 1 2 218 221
A 2 215 222
A 2 19 223
O 10 2 213 224
A 2 44 225
A 2 43 226
O 16 2 202 227
A 2 175 228
A 2 14 229
A 2 94 95
A 2 231 228
A 2 93 232
O 6 2 230 233
A 2 174 234
A 2 10 235
L -20
A 2 103 237
A 2 15 106
A 2 19 176
A 2 23 240
A 2 28 29
A 2 27 242
A 2 26 243
A 2 35 36
A 2 34 245
A 2 33 246
O 1 2 244 247
A 2 241 248
A 2 18 249
A 2 76 188
A 2 63 251
A 2 28 29
A 2 27 253
A 2 26 254
A 2 35 36
A 2 34 256
A 2 33 257
O 1 2 255 258
A 2 252 259
A 2 61 260
O 11 2 250 261
A 2 24 262
A 2 22 263
A 2 61 188
A 2 65 265
A 2 29 47
A 2 28 267
A 2 26 268
A 2 35 51
A 2 34 270
A 2 33 271
O 1 2 269 272
A 2 266 273
A 2 63 274
A 2 176 45
A 2 18 276
A 2 29 47
A 2 28 278
A 2 26 279
A 2 35 51
A 2 34 281
A 2 33 282
O 1 2 280 283
A 2 277 284
A 2 19 285
O 10 2 275 286
A 2 44 287
A 2 43 288
O 16 2 264 289
A 2 239 290
A 2 14 291
A 2 159 95
A 2 293 290
A 2 93 294
O 6 2 292 295
A 2 238 296
A 2 102 297
O 5 2 236 298
A 2 172 299
A 2 169 300
O 12 2 168 301
A 2 5 302
A 2 2 303
L -18
L -26
L 17
A 2 306 307
A 2 308 302
A 2 305 309
O 18 2 304 310
A 2 1 311
A 2 0 312
L -9
L 8
A 2 7 8
A 2 11 12
L 25
A 2 3 318
L -28
A 2 15 320
A 2 19 20
L -34
A 2 323 24
A 2 28 29
A 2 27 325
A 2 26 326
A 2 35 36
A 2 34 328
A 2 33 329
O 1 2 327 330
A 2 324 331
A 2 22 332
L -32
A 2 44 334
A 2 29 47
A 2 28 336
A 2 26 337
A 2 35 51
A 2 34 339
A 2 33 340
O 1 2 338 341
A 2 335 342
A 2 43 343
O 16 2 333 344
A 2 322 345
A 2 18 346
A 2 62 63
L -33
A 2 349 24
A 2 28 29
A 2 27 351
A 2 26 352
A 2 35 36
A 2 34 354
A 2 33 355
O 1 2 353 356
A 2 350 357
A 2 22 358
L -31
A 2 44 360
A 2 29 47
A 2 28 362
A 2 26 363
A 2 35 51
A 2 34 365
A 2 33 366
O 1 2 364 367
A 2 361 368
A 2 43 369
O 16 2 359 370
A 2 348 371
A 2 61 372
O 11 2 347 373
A 2 321 374
A 2 14 375
L 28
A 2 377 95
A 2 378 374
A 2 93 379
O 6 2 376 380
A 2 319 381
A 2 2 382
L -25
A 2 384 307
A 2 385 381
A 2 305 386
O 18 2 383 387
A 2 317 388
A 2 10 389
A 2 103 104
L -27
A 2 15 392
A 2 3 318
A 2 19 20
A 2 323 24
A 2 28 29
A 2 27 397
A 2 26 398
A 2 35 36
A 2 34 400
A 2 33 401
O 1 2 399 402
A 2 396 403
A 2 22 404
A 2 44 334
A 2 29 47
A 2 28 407
A 2 26 408
A 2 35 51
A 2 34 410
A 2 33 411
O 1 2 409 412
A 2 406 413
A 2 43 414
O 16 2 405 415
A 2 395 416
A 2 18 417
A 2 62 63
A 2 349 24
A 2 28 29
A 2 27 421
A 2 26 422
A 2 35 36
A 2 34 424
A 2 33 425
O 1 2 423 426
A 2 420 427
A 2 22 428
A 2 44 360
A 2 29 47
A 2 28 431
A 2 26 432
A 2 35 51
A 2 34 434
A 2 33 435
O 1 2 433 436
A 2 430 437
A 2 43 438
O 16 2 429 439
A 2 419 440
A 2 61 441
O 11 2 418 442
A 2 394 443
A 2 2 444
A 2 384 307
A 2 446 443
A 2 305 447
O 18 2 445 448
A 2 393 449
A 2 14 450
L 27
A 2 452 95
A 2 453 449
A 2 93 454
O 6 2 451 455
A 2 391 456
A 2 102 457
O 5 2 390 458
A 2 316 459
A 2 6 460
A 2 170 171
A 2 11 173
A 2 3 318
A 2 15 320
A 2 61 188
A 2 349 24
A 2 28 29
A 2 27 468
A 2 26 469
A 2 35 36
A 2 34 471
A 2 33 472
O 1 2 470 473
A 2 467 474
A 2 22 475
A 2 44 360
A 2 29 47
A 2 28 478
A 2 26 479
A 2 35 51
A 2 34 481
A 2 33 482
O 1 2 480 483
A 2 477 484
A 2 43 485
O 16 2 476 486
A 2 466 487
A 2 63 488
A 2 18 176
A 2 323 24
A 2 28 29
A 2 27 492
A 2 26 493
A 2 35 36
A 2 34 495
A 2 33 496
O 1 2 494 497
A 2 491 498
A 2 22 499
A 2 44 334
A 2 29 47
A 2 28 502
A 2 26 503
A 2 35 51
A 2 34 505
A 2 33 506
O 1 2 504 507
A 2 501 508
A 2 43 509
O 16 2 500 510
A 2 490 511
A 2 19 512
O 10 2 489 513
A 2 465 514
A 2 14 515
A 2 377 95
A 2 517 514
A 2 93 518
O 6 2 516 519
A 2 464 520
A 2 2 521
A 2 384 307
A 2 523 520
A 2 305 524
O 18 2 522 525
A 2 463 526
A 2 10 527
A 2 103 237
A 2 15 392
A 2 3 318
A 2 61 188
A 2 349 24
A 2 28 29
A 2 27 534
A 2 26 535
A 2 35 36
A 2 34 537
A 2 33 538
O 1 2 536 539
A 2 533 540
A 2 22 541
A 2 44 360
A 2 29 47
A 2 28 544
A 2 26 545
A 2 35 51
A 2 34 547
A 2 33 548
O 1 2 546 549
A 2 543 550
A 2 43 551
O 16 2 542 552
A 2 532 553
A 2 63 554
A 2 18 176
A 2 323 24
A 2 28 29
A 2 27 558
A 2 26 559
A 2 35 36
A 2 34 561
A 2 33 562
O 1 2 560 563
A 2 557 564
A 2 22 565
A 2 44 334
A 2 29 47
A 2 28 568
A 2 26 569
A 2 35 51
A 2 34 571
A 2 33 572
O 1 2 570 573
A 2 567 574
A 2 43 575
O 16 2 566 576
A 2 556 577
A 2 19 578
O 10 2 555 579
A 2 531 580
A 2 2 581
A 2 384 307
A 2 583 580
A 2 305 584
O 18 2 582 585
A 2 530 586
A 2 14 587
A 2 452 95
A 2 589 586
A 2 93 590
O 6 2 588 591
A 2 529 592
A 2 102 593
O 5 2 528 594
A 2 462 595
A 2 169 596
O 12 2 461 597
A 2 315 598
A 2 314 599
O 9 2 313 600
