nnf 934 5766 34
L 9
L -8
L 18
L -17
L 26
A 2 3 4
L 12
L -13
L -14
A 2 7 8
L 5
L -4
L 19
A 2 11 12
L 6
L -7
L -30
A 2 15 16
L 11
L -10
L 21
A 2 19 20
L 16
L 34
L -15
A 2 23 24
L 1
L 23
L -2
L -3
A 2 28 29
A 2 27 30
A 2 26 31
L 24
L -24
O 24 2 33 34
A 2 32 35
L -1
L 3
L 2
L 24
A 2 39 40
A 2 38 41
A 2 37 42
L 23
L -23
O 23 2 44 45
A 2 43 46
O 1 2 36 47
A 2 25 48
A 2 22 49
L 32
L -32
O 32 2 51 52
A 2 50 53
L -16
L 15
L 32
A 2 56 57
L -23
A 2 29 59
A 2 28 60
A 2 26 61
O 24 2 33 34
A 2 62 63
L -24
A 2 39 65
A 2 38 66
A 2 37 67
O 23 2 44 45
A 2 68 69
O 1 2 64 70
A 2 58 71
A 2 55 72
L 34
L -34
O 34 2 74 75
A 2 73 76
O 16 2 54 77
A 2 21 78
A 2 18 79
L 33
L -33
O 33 2 81 82
L 31
L -31
O 31 2 84 85
A 2 83 86
A 2 80 87
L -11
L -21
L 10
A 2 90 91
L 31
A 2 93 55
A 2 29 59
A 2 28 95
A 2 26 96
O 24 2 33 34
A 2 97 98
A 2 39 65
A 2 38 100
A 2 37 101
O 23 2 44 45
A 2 102 103
O 1 2 99 104
A 2 94 105
A 2 56 106
O 33 2 81 82
A 2 107 108
L 33
A 2 22 110
A 2 28 29
A 2 27 112
A 2 26 113
O 24 2 33 34
A 2 114 115
A 2 39 40
A 2 38 117
A 2 37 118
O 23 2 44 45
A 2 119 120
O 1 2 116 121
A 2 111 122
A 2 24 123
O 31 2 84 85
A 2 124 125
O 15 2 109 126
A 2 92 127
A 2 89 128
O 32 2 51 52
O 34 2 74 75
A 2 130 131
A 2 129 132
O 11 2 88 133
A 2 17 134
A 2 14 135
L -6
L 30
L 7
A 2 138 139
A 2 140 134
A 2 137 141
O 6 2 136 142
A 2 13 143
A 2 10 144
L 29
L -29
O 29 2 146 147
A 2 145 148
L -5
L 4
L -19
A 2 151 152
L -29
A 2 15 154
A 2 19 20
A 2 23 24
A 2 28 29
A 2 27 158
A 2 26 159
O 24 2 33 34
A 2 160 161
A 2 39 40
A 2 38 163
A 2 37 164
O 23 2 44 45
A 2 165 166
O 1 2 162 167
A 2 157 168
A 2 22 169
O 32 2 51 52
A 2 170 171
A 2 56 57
A 2 29 59
A 2 28 174
A 2 26 175
O 24 2 33 34
A 2 176 177
A 2 39 65
A 2 38 179
A 2 37 180
O 23 2 44 45
A 2 181 182
O 1 2 178 183
A 2 173 184
A 2 55 185
O 34 2 74 75
A 2 186 187
O 16 2 172 188
A 2 156 189
A 2 18 190
O 33 2 81 82
O 31 2 84 85
A 2 192 193
A 2 191 194
A 2 90 91
A 2 93 55
A 2 29 59
A 2 28 198
A 2 26 199
O 24 2 33 34
A 2 200 201
A 2 39 65
A 2 38 203
A 2 37 204
O 23 2 44 45
A 2 205 206
O 1 2 202 207
A 2 197 208
A 2 56 209
O 33 2 81 82
A 2 210 211
A 2 22 110
A 2 28 29
A 2 27 214
A 2 26 215
O 24 2 33 34
A 2 216 217
A 2 39 40
A 2 38 219
A 2 37 220
O 23 2 44 45
A 2 221 222
O 1 2 218 223
A 2 213 224
A 2 24 225
O 31 2 84 85
A 2 226 227
O 15 2 212 228
A 2 196 229
A 2 89 230
O 32 2 51 52
O 34 2 74 75
A 2 232 233
A 2 231 234
O 11 2 195 235
A 2 155 236
A 2 14 237
L 29
A 2 239 139
A 2 240 236
A 2 137 241
O 6 2 238 242
A 2 153 243
A 2 150 244
L 30
L -30
O 30 2 246 247
A 2 245 248
O 5 2 149 249
A 2 9 250
A 2 6 251
L 20
L -20
O 20 2 253 254
L 22
L -22
O 22 2 256 257
A 2 255 258
A 2 252 259
L -12
L 14
L 13
A 2 262 263
L 20
A 2 11 265
A 2 15 16
L 22
A 2 19 268
A 2 23 269
A 2 28 29
A 2 27 271
A 2 26 272
O 24 2 33 34
A 2 273 274
A 2 39 40
A 2 38 276
A 2 37 277
O 23 2 44 45
A 2 278 279
O 1 2 275 280
A 2 270 281
A 2 18 282
O 33 2 81 82
A 2 283 284
L -22
A 2 110 286
A 2 91 287
A 2 28 29
A 2 27 289
A 2 26 290
O 24 2 33 34
A 2 291 292
A 2 39 40
A 2 38 294
A 2 37 295
O 23 2 44 45
A 2 296 297
O 1 2 293 298
A 2 288 299
A 2 89 300
O 34 2 74 75
A 2 301 302
O 11 2 285 303
A 2 24 304
A 2 22 305
O 32 2 51 52
O 31 2 84 85
A 2 307 308
A 2 306 309
A 2 89 286
A 2 93 311
A 2 29 59
A 2 28 313
A 2 26 314
O 24 2 33 34
A 2 315 316
A 2 39 65
A 2 38 318
A 2 37 319
O 23 2 44 45
A 2 320 321
O 1 2 317 322
A 2 312 323
A 2 91 324
O 32 2 51 52
A 2 325 326
A 2 268 57
A 2 18 328
A 2 29 59
A 2 28 330
A 2 26 331
O 24 2 33 34
A 2 332 333
A 2 39 65
A 2 38 335
A 2 37 336
O 23 2 44 45
A 2 337 338
O 1 2 334 339
A 2 329 340
A 2 19 341
O 31 2 84 85
A 2 342 343
O 10 2 327 344
A 2 56 345
A 2 55 346
O 34 2 74 75
O 33 2 81 82
A 2 348 349
A 2 347 350
O 16 2 310 351
A 2 267 352
A 2 14 353
A 2 138 139
A 2 355 352
A 2 137 356
O 6 2 354 357
A 2 266 358
A 2 10 359
O 29 2 146 147
A 2 360 361
L -20
A 2 151 363
A 2 15 154
A 2 19 268
A 2 23 366
A 2 28 29
A 2 27 368
A 2 26 369
O 24 2 33 34
A 2 370 371
A 2 39 40
A 2 38 373
A 2 37 374
O 23 2 44 45
A 2 375 376
O 1 2 372 377
A 2 367 378
A 2 18 379
O 33 2 81 82
A 2 380 381
A 2 110 286
A 2 91 383
A 2 28 29
A 2 27 385
A 2 26 386
O 24 2 33 34
A 2 387 388
A 2 39 40
A 2 38 390
A 2 37 391
O 23 2 44 45
A 2 392 393
O 1 2 389 394
A 2 384 395
A 2 89 396
O 34 2 74 75
A 2 397 398
O 11 2 382 399
A 2 24 400
A 2 22 401
O 32 2 51 52
O 31 2 84 85
A 2 403 404
A 2 402 405
A 2 89 286
A 2 93 407
A 2 29 59
A 2 28 409
A 2 26 410
O 24 2 33 34
A 2 411 412
A 2 39 65
A 2 38 414
A 2 37 415
O 23 2 44 45
A 2 416 417
O 1 2 413 418
A 2 408 419
A 2 91 420
O 32 2 51 52
A 2 421 422
A 2 268 57
A 2 18 424
A 2 29 59
A 2 28 426
A 2 26 427
O 24 2 33 34
A 2 428 429
A 2 39 65
A 2 38 431
A 2 37 432
O 23 2 44 45
A 2 433 434
O 1 2 430 435
A 2 425 436
A 2 19 437
O 31 2 84 85
A 2 438 439
O 10 2 423 440
A 2 56 441
A 2 55 442
O 34 2 74 75
O 33 2 81 82
A 2 444 445
A 2 443 446
O 16 2 406 447
A 2 365 448
A 2 14 449
A 2 239 139
A 2 451 448
A 2 137 452
O 6 2 450 453
A 2 364 454
A 2 150 455
O 30 2 246 247
A 2 456 457
O 5 2 362 458
A 2 264 459
A 2 261 460
L 19
L -19
O 19 2 462 463
L 21
L -21
O 21 2 465 466
A 2 464 467
A 2 461 468
O 12 2 260 469
A 2 5 470
A 2 2 471
L -18
L -26
L 17
A 2 474 475
A 2 476 470
A 2 473 477
O 18 2 472 478
A 2 1 479
A 2 0 480
L 25
L -25
O 25 2 482 483
L 27
L -27
O 27 2 485 486
L 28
L -28
O 28 2 488 489
A 2 487 490
A 2 484 491
A 2 481 492
L -9
L 8
A 2 7 8
A 2 11 12
L 25
A 2 3 498
L -28
A 2 15 500
A 2 19 20
L -34
A 2 503 24
A 2 28 29
A 2 27 505
A 2 26 506
O 24 2 33 34
A 2 507 508
A 2 39 40
A 2 38 510
A 2 37 511
O 23 2 44 45
A 2 512 513
O 1 2 509 514
A 2 504 515
A 2 22 516
O 32 2 51 52
A 2 517 518
L -32
A 2 56 520
A 2 29 59
A 2 28 522
A 2 26 523
O 24 2 33 34
A 2 524 525
A 2 39 65
A 2 38 527
A 2 37 528
O 23 2 44 45
A 2 529 530
O 1 2 526 531
A 2 521 532
A 2 55 533
O 34 2 74 75
A 2 534 535
O 16 2 519 536
A 2 502 537
A 2 18 538
O 33 2 81 82
O 31 2 84 85
A 2 540 541
A 2 539 542
A 2 90 91
L -33
A 2 545 24
A 2 28 29
A 2 27 547
A 2 26 548
O 24 2 33 34
A 2 549 550
A 2 39 40
A 2 38 552
A 2 37 553
O 23 2 44 45
A 2 554 555
O 1 2 551 556
A 2 546 557
A 2 22 558
O 31 2 84 85
A 2 559 560
L -31
A 2 56 562
A 2 29 59
A 2 28 564
A 2 26 565
O 24 2 33 34
A 2 566 567
A 2 39 65
A 2 38 569
A 2 37 570
O 23 2 44 45
A 2 571 572
O 1 2 568 573
A 2 563 574
A 2 55 575
O 33 2 81 82
A 2 576 577
O 16 2 561 578
A 2 544 579
A 2 89 580
O 32 2 51 52
O 34 2 74 75
A 2 582 583
A 2 581 584
O 11 2 543 585
A 2 501 586
A 2 14 587
L 28
A 2 589 139
A 2 590 586
A 2 137 591
O 6 2 588 592
A 2 499 593
A 2 2 594
L -25
A 2 596 475
A 2 597 593
A 2 473 598
O 18 2 595 599
A 2 497 600
A 2 10 601
O 27 2 485 486
A 2 602 603
A 2 151 152
L -27
A 2 15 606
A 2 3 498
A 2 19 20
A 2 503 24
A 2 28 29
A 2 27 611
A 2 26 612
O 24 2 33 34
A 2 613 614
A 2 39 40
A 2 38 616
A 2 37 617
O 23 2 44 45
A 2 618 619
O 1 2 615 620
A 2 610 621
A 2 22 622
O 32 2 51 52
A 2 623 624
A 2 56 520
A 2 29 59
A 2 28 627
A 2 26 628
O 24 2 33 34
A 2 629 630
A 2 39 65
A 2 38 632
A 2 37 633
O 23 2 44 45
A 2 634 635
O 1 2 631 636
A 2 626 637
A 2 55 638
O 34 2 74 75
A 2 639 640
O 16 2 625 641
A 2 609 642
A 2 18 643
O 33 2 81 82
O 31 2 84 85
A 2 645 646
A 2 644 647
A 2 90 91
A 2 545 24
A 2 28 29
A 2 27 651
A 2 26 652
O 24 2 33 34
A 2 653 654
A 2 39 40
A 2 38 656
A 2 37 657
O 23 2 44 45
A 2 658 659
O 1 2 655 660
A 2 650 661
A 2 22 662
O 31 2 84 85
A 2 663 664
A 2 56 562
A 2 29 59
A 2 28 667
A 2 26 668
O 24 2 33 34
A 2 669 670
A 2 39 65
A 2 38 672
A 2 37 673
O 23 2 44 45
A 2 674 675
O 1 2 671 676
A 2 666 677
A 2 55 678
O 33 2 81 82
A 2 679 680
O 16 2 665 681
A 2 649 682
A 2 89 683
O 32 2 51 52
O 34 2 74 75
A 2 685 686
A 2 684 687
O 11 2 648 688
A 2 608 689
A 2 2 690
A 2 596 475
A 2 692 689
A 2 473 693
O 18 2 691 694
A 2 607 695
A 2 14 696
L 27
A 2 698 139
A 2 699 695
A 2 137 700
O 6 2 697 701
A 2 605 702
A 2 150 703
O 28 2 488 489
A 2 704 705
O 5 2 604 706
A 2 496 707
A 2 6 708
O 20 2 253 254
O 22 2 256 257
A 2 710 711
A 2 709 712
A 2 262 263
A 2 11 265
A 2 3 498
A 2 15 500
A 2 89 286
A 2 545 24
A 2 28 29
A 2 27 720
A 2 26 721
O 24 2 33 34
A 2 722 723
A 2 39 40
A 2 38 725
A 2 37 726
O 23 2 44 45
A 2 727 728
O 1 2 724 729
A 2 719 730
A 2 22 731
O 31 2 84 85
A 2 732 733
A 2 56 562
A 2 29 59
A 2 28 736
A 2 26 737
O 24 2 33 34
A 2 738 739
A 2 39 65
A 2 38 741
A 2 37 742
O 23 2 44 45
A 2 743 744
O 1 2 740 745
A 2 735 746
A 2 55 747
O 33 2 81 82
A 2 748 749
O 16 2 734 750
A 2 718 751
A 2 91 752
O 32 2 51 52
O 34 2 74 75
A 2 754 755
A 2 753 756
A 2 18 268
A 2 503 24
A 2 28 29
A 2 27 760
A 2 26 761
O 24 2 33 34
A 2 762 763
A 2 39 40
A 2 38 765
A 2 37 766
O 23 2 44 45
A 2 767 768
O 1 2 764 769
A 2 759 770
A 2 22 771
O 32 2 51 52
A 2 772 773
A 2 56 520
A 2 29 59
A 2 28 776
A 2 26 777
O 24 2 33 34
A 2 778 779
A 2 39 65
A 2 38 781
A 2 37 782
O 23 2 44 45
A 2 783 784
O 1 2 780 785
A 2 775 786
A 2 55 787
O 34 2 74 75
A 2 788 789
O 16 2 774 790
A 2 758 791
A 2 19 792
O 33 2 81 82
O 31 2 84 85
A 2 794 795
A 2 793 796
O 10 2 757 797
A 2 717 798
A 2 14 799
A 2 589 139
A 2 801 798
A 2 137 802
O 6 2 800 803
A 2 716 804
A 2 2 805
A 2 596 475
A 2 807 804
A 2 473 808
O 18 2 806 809
A 2 715 810
A 2 10 811
O 27 2 485 486
A 2 812 813
A 2 151 363
A 2 15 606
A 2 3 498
A 2 89 286
A 2 545 24
A 2 28 29
A 2 27 820
A 2 26 821
O 24 2 33 34
A 2 822 823
A 2 39 40
A 2 38 825
A 2 37 826
O 23 2 44 45
A 2 827 828
O 1 2 824 829
A 2 819 830
A 2 22 831
O 31 2 84 85
A 2 832 833
A 2 56 562
A 2 29 59
A 2 28 836
A 2 26 837
O 24 2 33 34
A 2 838 839
A 2 39 65
A 2 38 841
A 2 37 842
O 23 2 44 45
A 2 843 844
O 1 2 840 845
A 2 835 846
A 2 55 847
O 33 2 81 82
A 2 848 849
O 16 2 834 850
A 2 818 851
A 2 91 852
O 32 2 51 52
O 34 2 74 75
A 2 854 855
A 2 853 856
A 2 18 268
A 2 503 24
A 2 28 29
A 2 27 860
A 2 26 861
O 24 2 33 34
A 2 862 863
A 2 39 40
A 2 38 865
A 2 37 866
O 23 2 44 45
A 2 867 868
O 1 2 864 869
A 2 859 870
A 2 22 871
O 32 2 51 52
A 2 872 873
A 2 56 520
A 2 29 59
A 2 28 876
A 2 26 877
O 24 2 33 34
A 2 878 879
A 2 39 65
A 2 38 881
A 2 37 882
O 23 2 44 45
A 2 883 884
O 1 2 880 885
A 2 875 886
A 2 55 887
O 34 2 74 75
A 2 888 889
O 16 2 874 890
A 2 858 891
A 2 19 892
O 33 2 81 82
O 31 2 84 85
A 2 894 895
A 2 893 896
O 10 2 857 897
A 2 817 898
A 2 2 899
A 2 596 475
A 2 901 898
A 2 473 902
O 18 2 900 903
A 2 816 904
A 2 14 905
A 2 698 139
A 2 907 904
A 2 137 908
O 6 2 906 909
A 2 815 910
A 2 150 911
O 28 2 488 489
A 2 912 913
O 5 2 814 914
A 2 714 915
A 2 261 916
O 19 2 462 463
O 21 2 465 466
A 2 918 919
A 2 917 920
O 12 2 713 921
A 2 495 922
A 2 494 923
L 26
L -26
O 26 2 925 926
O 29 2 146 147
O 30 2 246 247
A 2 928 929
A 2 927 930
A 2 924 931
O 9 2 493 932
